1.000000000000000000e+00 0.000000000000000000e+00 0.000000000000000000e+00 0.000000000000000000e+00 0.000000000000000000e+00 0.000000000000000000e+00 0.000000000000000000e+00
1.000000000000000000e+00 0.000000000000000000e+00 0.000000000000000000e+00 0.000000000000000000e+00 0.000000000000000000e+00 0.000000000000000000e+00 0.000000000000000000e+00
1.000000000000000000e+00 0.000000000000000000e+00 0.000000000000000000e+00 0.000000000000000000e+00 0.000000000000000000e+00 0.000000000000000000e+00 0.000000000000000000e+00
1.000000000000000000e+00 0.000000000000000000e+00 0.000000000000000000e+00 0.000000000000000000e+00 0.000000000000000000e+00 0.000000000000000000e+00 0.000000000000000000e+00
1.000000000000000000e+00 0.000000000000000000e+00 0.000000000000000000e+00 0.000000000000000000e+00 0.000000000000000000e+00 0.000000000000000000e+00 0.000000000000000000e+00
1.000000000000000000e+00 0.000000000000000000e+00 0.000000000000000000e+00 0.000000000000000000e+00 0.000000000000000000e+00 0.000000000000000000e+00 0.000000000000000000e+00
1.000000000000000000e+00 0.000000000000000000e+00 0.000000000000000000e+00 0.000000000000000000e+00 0.000000000000000000e+00 0.000000000000000000e+00 0.000000000000000000e+00
1.000000000000000000e+00 0.000000000000000000e+00 0.000000000000000000e+00 0.000000000000000000e+00 0.000000000000000000e+00 0.000000000000000000e+00 0.000000000000000000e+00
1.000000000000000000e+00 0.000000000000000000e+00 0.000000000000000000e+00 0.000000000000000000e+00 0.000000000000000000e+00 0.000000000000000000e+00 0.000000000000000000e+00
1.000000000000000000e+00 0.000000000000000000e+00 0.000000000000000000e+00 0.000000000000000000e+00 0.000000000000000000e+00 0.000000000000000000e+00 0.000000000000000000e+00
1.000000000000000000e+00 0.000000000000000000e+00 0.000000000000000000e+00 0.000000000000000000e+00 0.000000000000000000e+00 0.000000000000000000e+00 0.000000000000000000e+00
1.000000000000000000e+00 0.000000000000000000e+00 0.000000000000000000e+00 0.000000000000000000e+00 0.000000000000000000e+00 0.000000000000000000e+00 0.000000000000000000e+00
1.000000000000000000e+00 0.000000000000000000e+00 0.000000000000000000e+00 0.000000000000000000e+00 0.000000000000000000e+00 0.000000000000000000e+00 0.000000000000000000e+00
1.000000000000000000e+00 0.000000000000000000e+00 0.000000000000000000e+00 0.000000000000000000e+00 0.000000000000000000e+00 0.000000000000000000e+00 0.000000000000000000e+00
1.000000000000000000e+00 0.000000000000000000e+00 0.000000000000000000e+00 0.000000000000000000e+00 0.000000000000000000e+00 0.000000000000000000e+00 0.000000000000000000e+00
1.000000000000000000e+00 0.000000000000000000e+00 0.000000000000000000e+00 0.000000000000000000e+00 0.000000000000000000e+00 0.000000000000000000e+00 0.000000000000000000e+00
1.000000000000000000e+00 0.000000000000000000e+00 0.000000000000000000e+00 0.000000000000000000e+00 0.000000000000000000e+00 0.000000000000000000e+00 0.000000000000000000e+00
1.000000000000000000e+00 0.000000000000000000e+00 0.000000000000000000e+00 0.000000000000000000e+00 0.000000000000000000e+00 0.000000000000000000e+00 0.000000000000000000e+00
1.000000000000000000e+00 0.000000000000000000e+00 0.000000000000000000e+00 0.000000000000000000e+00 0.000000000000000000e+00 0.000000000000000000e+00 0.000000000000000000e+00
1.000000000000000000e+00 0.000000000000000000e+00 0.000000000000000000e+00 0.000000000000000000e+00 0.000000000000000000e+00 0.000000000000000000e+00 0.000000000000000000e+00
1.000000000000000000e+00 0.000000000000000000e+00 0.000000000000000000e+00 0.000000000000000000e+00 0.000000000000000000e+00 0.000000000000000000e+00 0.000000000000000000e+00
1.000000000000000000e+00 0.000000000000000000e+00 0.000000000000000000e+00 0.000000000000000000e+00 0.000000000000000000e+00 0.000000000000000000e+00 0.000000000000000000e+00
1.000000000000000000e+00 0.000000000000000000e+00 0.000000000000000000e+00 0.000000000000000000e+00 0.000000000000000000e+00 0.000000000000000000e+00 0.000000000000000000e+00
9.999980000000000535e-01 1.999999999999999909e-06 0.000000000000000000e+00 0.000000000000000000e+00 0.000000000000000000e+00 0.000000000000000000e+00 0.000000000000000000e+00
1.000000000000000000e+00 0.000000000000000000e+00 0.000000000000000000e+00 0.000000000000000000e+00 0.000000000000000000e+00 0.000000000000000000e+00 0.000000000000000000e+00
9.999970000000000248e-01 3.000000000000000076e-06 0.000000000000000000e+00 0.000000000000000000e+00 0.000000000000000000e+00 0.000000000000000000e+00 0.000000000000000000e+00
9.999989999999999712e-01 9.999999999999999547e-07 0.000000000000000000e+00 0.000000000000000000e+00 0.000000000000000000e+00 0.000000000000000000e+00 0.000000000000000000e+00
9.999970000000000248e-01 3.000000000000000076e-06 0.000000000000000000e+00 0.000000000000000000e+00 0.000000000000000000e+00 0.000000000000000000e+00 0.000000000000000000e+00
9.999970000000000248e-01 1.999999999999999909e-06 9.999999999999999547e-07 0.000000000000000000e+00 0.000000000000000000e+00 0.000000000000000000e+00 0.000000000000000000e+00
9.999949999999999672e-01 3.000000000000000076e-06 1.999999999999999909e-06 0.000000000000000000e+00 0.000000000000000000e+00 0.000000000000000000e+00 0.000000000000000000e+00
9.999900000000000455e-01 6.000000000000000152e-06 3.999999999999999819e-06 0.000000000000000000e+00 0.000000000000000000e+00 0.000000000000000000e+00 0.000000000000000000e+00
9.999879999999999880e-01 9.000000000000000228e-06 3.000000000000000076e-06 0.000000000000000000e+00 0.000000000000000000e+00 0.000000000000000000e+00 0.000000000000000000e+00
9.999879999999999880e-01 6.999999999999999895e-06 5.000000000000000409e-06 0.000000000000000000e+00 0.000000000000000000e+00 0.000000000000000000e+00 0.000000000000000000e+00
9.999909999999999632e-01 3.999999999999999819e-06 5.000000000000000409e-06 0.000000000000000000e+00 0.000000000000000000e+00 0.000000000000000000e+00 0.000000000000000000e+00
9.999740000000000295e-01 1.900000000000000105e-05 5.000000000000000409e-06 1.999999999999999909e-06 0.000000000000000000e+00 0.000000000000000000e+00 0.000000000000000000e+00
9.999540000000000095e-01 2.099999999999999884e-05 2.000000000000000164e-05 5.000000000000000409e-06 0.000000000000000000e+00 0.000000000000000000e+00 0.000000000000000000e+00
9.999529999999999808e-01 2.500000000000000120e-05 1.699999999999999987e-05 5.000000000000000409e-06 0.000000000000000000e+00 0.000000000000000000e+00 0.000000000000000000e+00
9.999419999999999975e-01 3.100000000000000135e-05 2.400000000000000061e-05 3.000000000000000076e-06 0.000000000000000000e+00 0.000000000000000000e+00 0.000000000000000000e+00
9.999289999999999567e-01 4.699999999999999724e-05 2.099999999999999884e-05 3.000000000000000076e-06 0.000000000000000000e+00 0.000000000000000000e+00 0.000000000000000000e+00
9.998970000000000358e-01 6.600000000000000506e-05 3.399999999999999973e-05 3.000000000000000076e-06 0.000000000000000000e+00 0.000000000000000000e+00 0.000000000000000000e+00
9.998700000000000365e-01 7.399999999999999623e-05 5.099999999999999960e-05 5.000000000000000409e-06 0.000000000000000000e+00 0.000000000000000000e+00 0.000000000000000000e+00
9.998700000000000365e-01 7.799999999999999859e-05 4.500000000000000283e-05 6.999999999999999895e-06 0.000000000000000000e+00 0.000000000000000000e+00 0.000000000000000000e+00
9.998270000000000213e-01 9.600000000000000243e-05 5.899999999999999754e-05 1.800000000000000046e-05 0.000000000000000000e+00 0.000000000000000000e+00 0.000000000000000000e+00
9.997759999999999980e-01 1.200000000000000030e-04 8.399999999999999535e-05 2.000000000000000164e-05 0.000000000000000000e+00 0.000000000000000000e+00 0.000000000000000000e+00
9.997530000000000028e-01 1.350000000000000017e-04 9.299999999999999727e-05 1.800000000000000046e-05 0.000000000000000000e+00 9.999999999999999547e-07 0.000000000000000000e+00
9.997019999999999795e-01 1.679999999999999907e-04 1.090000000000000067e-04 2.000000000000000164e-05 0.000000000000000000e+00 9.999999999999999547e-07 0.000000000000000000e+00
9.996779999999999555e-01 1.849999999999999973e-04 1.090000000000000067e-04 2.799999999999999958e-05 0.000000000000000000e+00 0.000000000000000000e+00 0.000000000000000000e+00
9.996380000000000265e-01 2.020000000000000040e-04 1.250000000000000026e-04 3.499999999999999693e-05 0.000000000000000000e+00 0.000000000000000000e+00 0.000000000000000000e+00
9.995929999999999538e-01 2.259999999999999910e-04 1.459999999999999981e-04 3.499999999999999693e-05 0.000000000000000000e+00 0.000000000000000000e+00 0.000000000000000000e+00
9.994619999999999616e-01 2.979999999999999793e-04 1.910000000000000077e-04 4.899999999999999842e-05 0.000000000000000000e+00 0.000000000000000000e+00 0.000000000000000000e+00
9.994410000000000238e-01 3.200000000000000262e-04 1.759999999999999954e-04 6.200000000000000270e-05 0.000000000000000000e+00 0.000000000000000000e+00 9.999999999999999547e-07
9.993269999999999653e-01 3.640000000000000115e-04 2.320000000000000014e-04 7.600000000000000418e-05 0.000000000000000000e+00 9.999999999999999547e-07 0.000000000000000000e+00
9.992250000000000298e-01 4.389999999999999914e-04 2.590000000000000071e-04 7.399999999999999623e-05 0.000000000000000000e+00 3.000000000000000076e-06 0.000000000000000000e+00
9.991919999999999691e-01 4.290000000000000193e-04 2.990000000000000036e-04 7.899999999999999579e-05 0.000000000000000000e+00 9.999999999999999547e-07 0.000000000000000000e+00
9.990790000000000504e-01 4.899999999999999842e-04 3.289999999999999739e-04 1.019999999999999992e-04 0.000000000000000000e+00 0.000000000000000000e+00 0.000000000000000000e+00
9.989339999999999886e-01 5.640000000000000482e-04 3.780000000000000265e-04 1.240000000000000054e-04 0.000000000000000000e+00 0.000000000000000000e+00 0.000000000000000000e+00
9.988700000000000356e-01 5.810000000000000277e-04 4.009999999999999893e-04 1.479999999999999925e-04 0.000000000000000000e+00 0.000000000000000000e+00 0.000000000000000000e+00
9.987160000000000482e-01 6.970000000000000284e-04 4.169999999999999987e-04 1.700000000000000122e-04 0.000000000000000000e+00 0.000000000000000000e+00 0.000000000000000000e+00
9.986190000000000344e-01 7.200000000000000453e-04 4.769999999999999934e-04 1.820000000000000057e-04 0.000000000000000000e+00 1.999999999999999909e-06 0.000000000000000000e+00
9.985020000000000007e-01 7.929999999999999766e-04 5.310000000000000050e-04 1.730000000000000038e-04 0.000000000000000000e+00 0.000000000000000000e+00 9.999999999999999547e-07
9.983670000000000044e-01 8.940000000000000464e-04 5.479999999999999845e-04 1.910000000000000077e-04 0.000000000000000000e+00 0.000000000000000000e+00 0.000000000000000000e+00
9.981830000000000425e-01 9.389999999999999476e-04 6.179999999999999513e-04 2.579999999999999828e-04 0.000000000000000000e+00 1.999999999999999909e-06 0.000000000000000000e+00
9.980090000000000350e-01 1.021999999999999905e-03 6.930000000000000396e-04 2.739999999999999923e-04 0.000000000000000000e+00 1.999999999999999909e-06 0.000000000000000000e+00
9.978110000000000035e-01 1.149999999999999981e-03 7.739999999999999485e-04 2.590000000000000071e-04 0.000000000000000000e+00 6.000000000000000152e-06 0.000000000000000000e+00
9.977279999999999482e-01 1.157999999999999958e-03 8.059999999999999673e-04 2.979999999999999793e-04 0.000000000000000000e+00 9.000000000000000228e-06 9.999999999999999547e-07
9.974709999999999965e-01 1.280000000000000105e-03 8.760000000000000425e-04 3.649999999999999816e-04 0.000000000000000000e+00 7.999999999999999638e-06 0.000000000000000000e+00
9.972529999999999450e-01 1.373000000000000088e-03 9.829999999999999329e-04 3.809999999999999910e-04 0.000000000000000000e+00 9.000000000000000228e-06 9.999999999999999547e-07
9.969959999999999933e-01 1.484000000000000076e-03 1.077999999999999965e-03 4.330000000000000081e-04 0.000000000000000000e+00 6.999999999999999895e-06 1.999999999999999909e-06
9.967979999999999619e-01 1.557000000000000007e-03 1.155999999999999910e-03 4.789999999999999879e-04 0.000000000000000000e+00 7.999999999999999638e-06 1.999999999999999909e-06
9.966120000000000534e-01 1.685000000000000083e-03 1.203999999999999992e-03 4.879999999999999898e-04 0.000000000000000000e+00 1.099999999999999971e-05 0.000000000000000000e+00
9.962689999999999602e-01 1.866999999999999953e-03 1.289999999999999914e-03 5.590000000000000351e-04 0.000000000000000000e+00 1.399999999999999979e-05 9.999999999999999547e-07
9.960809999999999942e-01 1.930000000000000075e-03 1.387999999999999911e-03 5.829999999999999679e-04 0.000000000000000000e+00 1.200000000000000030e-05 6.000000000000000152e-06
9.958289999999999642e-01 2.001999999999999873e-03 1.518999999999999951e-03 6.220000000000000485e-04 0.000000000000000000e+00 2.400000000000000061e-05 3.999999999999999819e-06
9.954699999999999660e-01 2.250999999999999963e-03 1.572999999999999962e-03 6.809999999999999647e-04 0.000000000000000000e+00 2.199999999999999943e-05 3.000000000000000076e-06
9.952039999999999775e-01 2.302999999999999926e-03 1.745999999999999939e-03 7.249999999999999500e-04 0.000000000000000000e+00 1.699999999999999987e-05 5.000000000000000409e-06
9.948770000000000113e-01 2.481000000000000132e-03 1.783000000000000080e-03 8.319999999999999488e-04 0.000000000000000000e+00 2.300000000000000002e-05 3.999999999999999819e-06
9.944880000000000386e-01 2.675999999999999993e-03 1.889000000000000054e-03 8.989999999999999511e-04 0.000000000000000000e+00 3.699999999999999811e-05 1.099999999999999971e-05
9.942959999999999576e-01 2.661999999999999870e-03 2.063999999999999863e-03 9.269999999999999811e-04 0.000000000000000000e+00 4.300000000000000165e-05 7.999999999999999638e-06
9.939740000000000242e-01 2.933999999999999976e-03 2.050999999999999872e-03 9.940000000000000918e-04 0.000000000000000000e+00 3.699999999999999811e-05 1.000000000000000082e-05
9.934319999999999817e-01 3.115000000000000147e-03 2.299999999999999961e-03 1.092000000000000089e-03 9.999999999999999547e-07 4.300000000000000165e-05 1.699999999999999987e-05
9.932569999999999455e-01 3.173000000000000039e-03 2.370999999999999844e-03 1.139999999999999954e-03 0.000000000000000000e+00 5.099999999999999960e-05 7.999999999999999638e-06
9.929689999999999905e-01 3.236999999999999860e-03 2.563000000000000174e-03 1.178000000000000011e-03 9.999999999999999547e-07 4.000000000000000327e-05 1.200000000000000030e-05
9.924760000000000248e-01 3.472999999999999959e-03 2.673000000000000029e-03 1.314000000000000064e-03 9.999999999999999547e-07 5.000000000000000240e-05 1.299999999999999920e-05
9.922130000000000116e-01 3.732000000000000074e-03 2.709000000000000036e-03 1.268000000000000030e-03 1.999999999999999909e-06 5.399999999999999798e-05 2.199999999999999943e-05
9.917099999999999804e-01 3.861999999999999982e-03 2.929000000000000180e-03 1.407999999999999963e-03 1.999999999999999909e-06 7.200000000000000182e-05 1.699999999999999987e-05
9.912900000000000045e-01 4.054999999999999577e-03 3.095000000000000095e-03 1.484000000000000076e-03 9.999999999999999547e-07 6.399999999999999710e-05 1.099999999999999971e-05
9.910309999999999953e-01 4.129999999999999991e-03 3.272000000000000169e-03 1.464999999999999939e-03 3.999999999999999819e-06 8.100000000000000375e-05 1.699999999999999987e-05
9.903790000000000093e-01 4.310999999999999728e-03 3.465000000000000198e-03 1.744000000000000107e-03 0.000000000000000000e+00 8.200000000000000095e-05 1.900000000000000105e-05
9.901680000000000481e-01 4.601000000000000055e-03 3.363000000000000104e-03 1.744000000000000107e-03 3.000000000000000076e-06 9.600000000000000243e-05 2.500000000000000120e-05
9.896890000000000409e-01 4.721000000000000370e-03 3.640000000000000006e-03 1.814000000000000074e-03 3.000000000000000076e-06 1.010000000000000020e-04 3.199999999999999855e-05
9.893739999999999757e-01 4.826999999999999694e-03 3.753999999999999958e-03 1.907000000000000058e-03 9.999999999999999547e-07 1.069999999999999988e-04 3.000000000000000076e-05
9.888240000000000363e-01 5.120000000000000419e-03 3.870000000000000176e-03 2.023000000000000059e-03 3.000000000000000076e-06 1.250000000000000026e-04 3.499999999999999693e-05
9.882130000000000081e-01 5.275000000000000175e-03 4.155999999999999972e-03 2.171000000000000187e-03 3.000000000000000076e-06 1.389999999999999905e-04 4.300000000000000165e-05
9.878609999999999891e-01 5.473999999999999699e-03 4.250000000000000305e-03 2.226000000000000114e-03 3.999999999999999819e-06 1.420000000000000092e-04 4.300000000000000165e-05
9.872499999999999609e-01 5.790000000000000008e-03 4.497000000000000129e-03 2.272999999999999847e-03 9.000000000000000228e-06 1.359999999999999989e-04 4.500000000000000283e-05
9.869940000000000380e-01 5.850000000000000165e-03 4.576000000000000206e-03 2.377999999999999906e-03 3.999999999999999819e-06 1.640000000000000019e-04 3.399999999999999973e-05
9.864789999999999948e-01 6.047000000000000292e-03 4.765000000000000138e-03 2.481000000000000132e-03 5.000000000000000409e-06 1.649999999999999991e-04 5.800000000000000034e-05
9.858590000000000408e-01 6.331999999999999955e-03 4.922000000000000160e-03 2.645000000000000216e-03 3.000000000000000076e-06 1.910000000000000077e-04 4.800000000000000122e-05
9.852250000000000174e-01 6.500999999999999834e-03 5.274000000000000042e-03 2.723000000000000160e-03 6.999999999999999895e-06 2.100000000000000087e-04 6.000000000000000152e-05
9.848409999999999664e-01 6.729999999999999871e-03 5.251999999999999724e-03 2.906000000000000163e-03 3.999999999999999819e-06 2.100000000000000087e-04 5.700000000000000314e-05
9.842070000000000540e-01 6.943999999999999652e-03 5.560999999999999971e-03 2.962999999999999922e-03 7.999999999999999638e-06 2.390000000000000089e-04 7.799999999999999859e-05
9.836399999999999588e-01 7.173999999999999821e-03 5.710999999999999931e-03 3.154999999999999818e-03 1.000000000000000082e-05 2.359999999999999902e-04 7.399999999999999623e-05
9.831309999999999771e-01 7.442999999999999963e-03 5.934000000000000039e-03 3.161999999999999880e-03 9.000000000000000228e-06 2.449999999999999921e-04 7.600000000000000418e-05
9.825469999999999482e-01 7.609999999999999577e-03 6.094999999999999724e-03 3.327999999999999795e-03 1.200000000000000030e-05 3.220000000000000206e-04 8.600000000000000331e-05
9.819539999999999935e-01 7.870999999999999525e-03 6.316999999999999699e-03 3.501000000000000206e-03 1.099999999999999971e-05 2.559999999999999884e-04 9.000000000000000567e-05
9.813560000000000061e-01 8.099999999999999561e-03 6.543000000000000205e-03 3.589999999999999875e-03 1.299999999999999920e-05 2.990000000000000036e-04 9.899999999999999404e-05
9.807139999999999747e-01 8.382000000000000561e-03 6.649000000000000396e-03 3.782000000000000205e-03 1.399999999999999979e-05 3.519999999999999908e-04 1.069999999999999988e-04
9.800579999999999847e-01 8.755000000000000629e-03 6.895000000000000087e-03 3.811999999999999850e-03 1.599999999999999928e-05 3.370000000000000057e-04 1.269999999999999970e-04
9.796540000000000248e-01 8.857000000000000289e-03 6.965999999999999970e-03 4.013000000000000074e-03 1.599999999999999928e-05 3.699999999999999947e-04 1.240000000000000054e-04
9.789120000000000044e-01 9.053000000000000283e-03 7.315999999999999587e-03 4.209000000000000068e-03 1.399999999999999979e-05 3.680000000000000003e-04 1.279999999999999942e-04
9.783479999999999954e-01 9.424999999999999351e-03 7.467999999999999812e-03 4.197000000000000210e-03 2.400000000000000061e-05 4.130000000000000099e-04 1.250000000000000026e-04
9.776500000000000190e-01 9.516000000000000153e-03 7.721000000000000432e-03 4.473999999999999679e-03 3.399999999999999973e-05 4.420000000000000101e-04 1.630000000000000047e-04
9.771339999999999471e-01 9.818999999999999603e-03 7.870000000000000259e-03 4.498000000000000262e-03 3.300000000000000253e-05 4.760000000000000234e-04 1.700000000000000122e-04
9.764540000000000441e-01 1.010800000000000066e-02 8.153000000000000524e-03 4.611999999999999780e-03 2.000000000000000164e-05 4.719999999999999803e-04 1.810000000000000085e-04
9.757949999999999680e-01 1.020199999999999926e-02 8.436000000000000790e-03 4.826000000000000428e-03 3.300000000000000253e-05 5.109999999999999525e-04 1.969999999999999909e-04
9.750649999999999595e-01 1.059500000000000025e-02 8.566999999999999962e-03 5.009000000000000431e-03 3.300000000000000253e-05 5.540000000000000219e-04 1.769999999999999926e-04
9.740689999999999626e-01 1.086900000000000019e-02 8.881999999999999271e-03 5.344999999999999925e-03 3.300000000000000253e-05 5.999999999999999474e-04 2.020000000000000040e-04
9.738890000000000047e-01 1.099400000000000030e-02 8.961000000000000215e-03 5.289000000000000298e-03 5.099999999999999960e-05 6.239999999999999887e-04 1.920000000000000049e-04
9.731260000000000465e-01 1.143699999999999925e-02 9.173999999999999863e-03 5.444000000000000054e-03 3.699999999999999811e-05 5.630000000000000239e-04 2.190000000000000106e-04
9.723570000000000269e-01 1.160100000000000020e-02 9.468000000000000721e-03 5.607000000000000005e-03 5.099999999999999960e-05 6.759999999999999516e-04 2.400000000000000061e-04
9.719999999999999751e-01 1.185499999999999922e-02 9.544999999999999665e-03 5.643999999999999712e-03 5.800000000000000034e-05 6.489999999999999459e-04 2.489999999999999809e-04
9.710490000000000510e-01 1.215300000000000061e-02 9.853999999999999912e-03 5.905999999999999792e-03 4.399999999999999886e-05 7.200000000000000453e-04 2.739999999999999923e-04
9.704469999999999485e-01 1.214299999999999928e-02 1.013299999999999965e-02 6.127999999999999767e-03 6.399999999999999710e-05 8.000000000000000383e-04 2.849999999999999886e-04
9.693749999999999867e-01 1.262600000000000007e-02 1.051000000000000024e-02 6.366000000000000131e-03 6.099999999999999872e-05 7.879999999999999635e-04 2.739999999999999923e-04
9.687940000000000440e-01 1.284300000000000025e-02 1.071300000000000030e-02 6.485999999999999578e-03 4.899999999999999842e-05 7.730000000000000326e-04 3.420000000000000188e-04
9.681720000000000326e-01 1.305300000000000037e-02 1.092199999999999942e-02 6.597999999999999698e-03 6.600000000000000506e-05 8.670000000000000406e-04 3.220000000000000206e-04
9.673990000000000089e-01 1.351300000000000071e-02 1.091999999999999915e-02 6.928000000000000130e-03 7.200000000000000182e-05 8.639999999999999677e-04 3.040000000000000167e-04
9.663500000000000423e-01 1.379000000000000017e-02 1.147600000000000009e-02 6.968000000000000235e-03 7.399999999999999623e-05 9.659999999999999533e-04 3.759999999999999779e-04
9.658090000000000286e-01 1.386599999999999985e-02 1.167400000000000035e-02 7.237000000000000377e-03 7.499999999999999343e-05 9.399999999999999719e-04 3.989999999999999949e-04
9.651129999999999987e-01 1.409099999999999936e-02 1.199599999999999972e-02 7.288000000000000207e-03 9.000000000000000567e-05 1.028999999999999967e-03 3.930000000000000117e-04
9.642859999999999765e-01 1.449199999999999967e-02 1.217700000000000032e-02 7.427999999999999707e-03 9.600000000000000243e-05 1.098000000000000018e-03 4.229999999999999819e-04
9.640760000000000440e-01 1.464299999999999977e-02 1.206800000000000060e-02 7.640000000000000090e-03 8.700000000000000051e-05 1.110000000000000092e-03 3.759999999999999779e-04
9.629990000000000494e-01 1.498999999999999985e-02 1.251599999999999935e-02 7.830999999999999420e-03 9.500000000000000523e-05 1.092000000000000089e-03 4.769999999999999934e-04
9.622560000000000002e-01 1.534100000000000047e-02 1.266399999999999991e-02 7.972999999999999185e-03 1.060000000000000016e-04 1.191000000000000001e-03 4.690000000000000158e-04
9.611910000000000176e-01 1.573199999999999946e-02 1.302299999999999985e-02 8.186000000000000568e-03 1.100000000000000039e-04 1.260999999999999968e-03 4.970000000000000459e-04
9.604629999999999557e-01 1.595799999999999996e-02 1.324700000000000009e-02 8.389000000000000623e-03 9.799999999999999684e-05 1.330000000000000019e-03 5.150000000000000498e-04
9.597529999999999673e-01 1.598600000000000021e-02 1.359100000000000065e-02 8.628999999999999518e-03 1.410000000000000120e-04 1.330000000000000019e-03 5.699999999999999772e-04
9.591049999999999853e-01 1.632899999999999976e-02 1.390300000000000043e-02 8.647000000000000172e-03 1.310000000000000129e-04 1.324000000000000090e-03 5.609999999999999752e-04
9.580049999999999955e-01 1.668199999999999891e-02 1.413099999999999946e-02 9.044999999999999221e-03 1.150000000000000035e-04 1.384999999999999946e-03 6.369999999999999794e-04
9.575169999999999515e-01 1.667199999999999932e-02 1.443200000000000038e-02 9.128999999999999962e-03 1.479999999999999925e-04 1.472999999999999917e-03 6.290000000000000018e-04
9.566989999999999661e-01 1.720899999999999860e-02 1.444299999999999924e-02 9.343999999999999875e-03 1.589999999999999888e-04 1.503999999999999912e-03 6.419999999999999925e-04
9.560039999999999649e-01 1.741300000000000139e-02 1.467000000000000075e-02 9.537999999999999604e-03 1.579999999999999916e-04 1.536999999999999955e-03 6.800000000000000488e-04
9.548299999999999566e-01 1.785600000000000034e-02 1.510099999999999984e-02 9.742000000000000659e-03 1.630000000000000047e-04 1.611000000000000019e-03 6.970000000000000284e-04
9.541340000000000376e-01 1.802600000000000036e-02 1.532000000000000028e-02 9.985000000000000819e-03 1.849999999999999973e-04 1.667999999999999995e-03 6.819999999999999890e-04
9.535869999999999624e-01 1.822800000000000115e-02 1.546499999999999958e-02 1.002100000000000039e-02 1.800000000000000113e-04 1.761999999999999894e-03 7.569999999999999689e-04
9.526170000000000471e-01 1.867100000000000010e-02 1.567699999999999996e-02 1.032899999999999964e-02 2.090000000000000115e-04 1.739000000000000094e-03 7.579999999999999932e-04
9.518330000000000402e-01 1.878499999999999961e-02 1.596600000000000102e-02 1.049899999999999965e-02 2.030000000000000012e-04 1.899000000000000080e-03 8.149999999999999693e-04
9.507179999999999520e-01 1.919900000000000079e-02 1.650400000000000131e-02 1.065299999999999928e-02 2.069999999999999900e-04 1.917000000000000084e-03 8.019999999999999785e-04
9.502110000000000278e-01 1.942299999999999929e-02 1.649600000000000025e-02 1.082900000000000008e-02 2.280000000000000126e-04 1.951000000000000043e-03 8.620000000000000275e-04
9.496149999999999869e-01 1.971399999999999889e-02 1.654900000000000121e-02 1.096399999999999979e-02 2.310000000000000042e-04 1.994000000000000113e-03 9.330000000000000186e-04
9.483620000000000383e-01 1.999099999999999835e-02 1.714399999999999952e-02 1.140399999999999921e-02 2.200000000000000078e-04 2.007000000000000103e-03 8.720000000000000537e-04
9.473770000000000246e-01 2.037100000000000022e-02 1.739500000000000074e-02 1.155499999999999930e-02 2.469999999999999865e-04 2.109999999999999896e-03 9.449999999999999850e-04
9.467459999999999765e-01 2.071999999999999884e-02 1.762400000000000078e-02 1.155699999999999956e-02 2.310000000000000042e-04 2.181999999999999912e-03 9.399999999999999719e-04
9.458729999999999638e-01 2.092099999999999863e-02 1.791399999999999937e-02 1.171699999999999998e-02 2.840000000000000185e-04 2.325999999999999943e-03 9.650000000000000374e-04
9.449400000000000022e-01 2.100799999999999890e-02 1.831699999999999995e-02 1.208799999999999979e-02 2.939999999999999905e-04 2.315999999999999916e-03 1.036999999999999944e-03
9.440720000000000223e-01 2.131500000000000061e-02 1.847400000000000084e-02 1.240199999999999983e-02 3.299999999999999982e-04 2.341999999999999898e-03 1.064999999999999974e-03
9.434949999999999726e-01 2.163899999999999851e-02 1.864199999999999885e-02 1.237800000000000011e-02 3.130000000000000187e-04 2.406999999999999851e-03 1.126000000000000048e-03
9.425580000000000069e-01 2.188599999999999920e-02 1.881100000000000133e-02 1.268799999999999963e-02 3.469999999999999777e-04 2.513000000000000043e-03 1.196999999999999930e-03
9.417290000000000383e-01 2.185700000000000143e-02 1.935500000000000068e-02 1.292300000000000046e-02 3.449999999999999833e-04 2.635000000000000189e-03 1.155999999999999910e-03
9.408889999999999754e-01 2.231500000000000150e-02 1.940499999999999864e-02 1.320299999999999946e-02 3.539999999999999853e-04 2.606999999999999942e-03 1.227000000000000009e-03
9.399189999999999490e-01 2.277600000000000111e-02 1.957499999999999865e-02 1.339500000000000066e-02 3.299999999999999982e-04 2.759000000000000168e-03 1.245999999999999929e-03
9.392960000000000198e-01 2.307800000000000129e-02 1.975299999999999973e-02 1.348599999999999972e-02 3.930000000000000117e-04 2.677000000000000126e-03 1.317000000000000028e-03
9.382899999999999574e-01 2.342800000000000091e-02 1.987500000000000031e-02 1.380600000000000056e-02 4.139999999999999800e-04 2.873000000000000120e-03 1.314000000000000064e-03
9.368699999999999806e-01 2.384400000000000061e-02 2.058300000000000060e-02 1.397699999999999984e-02 4.169999999999999987e-04 2.896999999999999836e-03 1.412000000000000061e-03
9.360770000000000479e-01 2.416400000000000145e-02 2.079900000000000151e-02 1.415899999999999971e-02 4.260000000000000006e-04 2.981000000000000143e-03 1.394000000000000057e-03
9.352019999999999778e-01 2.432499999999999940e-02 2.121100000000000069e-02 1.436800000000000056e-02 4.150000000000000043e-04 3.017999999999999849e-03 1.461000000000000059e-03
9.343599999999999683e-01 2.459199999999999928e-02 2.140200000000000088e-02 1.443999999999999971e-02 4.970000000000000459e-04 3.181999999999999933e-03 1.526999999999999929e-03
9.337499999999999689e-01 2.463999999999999871e-02 2.161700000000000080e-02 1.472900000000000077e-02 4.330000000000000081e-04 3.237999999999999993e-03 1.593000000000000015e-03
9.326330000000000453e-01 2.506299999999999847e-02 2.184200000000000030e-02 1.504899999999999988e-02 5.039999999999999992e-04 3.263999999999999974e-03 1.644999999999999978e-03
9.319159999999999666e-01 2.538400000000000031e-02 2.191200000000000092e-02 1.530699999999999943e-02 5.050000000000000235e-04 3.310000000000000008e-03 1.665999999999999946e-03
9.311220000000000052e-01 2.565100000000000019e-02 2.235600000000000087e-02 1.527700000000000065e-02 5.060000000000000478e-04 3.315999999999999937e-03 1.771999999999999921e-03
9.301730000000000276e-01 2.575600000000000112e-02 2.239599999999999924e-02 1.571600000000000080e-02 5.999999999999999474e-04 3.592000000000000141e-03 1.766999999999999908e-03
9.291260000000000074e-01 2.622999999999999984e-02 2.294900000000000065e-02 1.579900000000000054e-02 5.670000000000000127e-04 3.559000000000000098e-03 1.770000000000000089e-03
9.284409999999999608e-01 2.640500000000000139e-02 2.315899999999999903e-02 1.592999999999999972e-02 5.739999999999999660e-04 3.621999999999999786e-03 1.869000000000000002e-03
9.268579999999999597e-01 2.681800000000000156e-02 2.355600000000000055e-02 1.650799999999999837e-02 5.969999999999999829e-04 3.844999999999999894e-03 1.817999999999999955e-03
9.260490000000000110e-01 2.709999999999999909e-02 2.391799999999999829e-02 1.658700000000000105e-02 5.869999999999999567e-04 3.848999999999999991e-03 1.910000000000000022e-03
9.255109999999999726e-01 2.729099999999999929e-02 2.391400000000000123e-02 1.677500000000000172e-02 6.229999999999999644e-04 3.987000000000000093e-03 1.899000000000000080e-03
9.247710000000000097e-01 2.755499999999999963e-02 2.408700000000000077e-02 1.709499999999999909e-02 6.459999999999999814e-04 3.876999999999999804e-03 1.968999999999999830e-03
9.235790000000000388e-01 2.779399999999999926e-02 2.450400000000000147e-02 1.728700000000000028e-02 6.679999999999999740e-04 4.034000000000000259e-03 2.134000000000000046e-03
9.227199999999999847e-01 2.821999999999999856e-02 2.475400000000000170e-02 1.725399999999999850e-02 6.920000000000000153e-04 4.249000000000000173e-03 2.111000000000000029e-03
9.221190000000000220e-01 2.817199999999999913e-02 2.480200000000000113e-02 1.773399999999999976e-02 6.949999999999999798e-04 4.355000000000000364e-03 2.122999999999999887e-03
9.207910000000000261e-01 2.850199999999999956e-02 2.551499999999999949e-02 1.791600000000000137e-02 7.529999999999999801e-04 4.285999999999999879e-03 2.236999999999999839e-03
9.199500000000000455e-01 2.919599999999999973e-02 2.548200000000000118e-02 1.787700000000000053e-02 8.120000000000000048e-04 4.394000000000000336e-03 2.288999999999999802e-03
9.187980000000000036e-01 2.936300000000000021e-02 2.577799999999999883e-02 1.836700000000000138e-02 8.329999999999999731e-04 4.472000000000000280e-03 2.389000000000000064e-03
9.183599999999999541e-01 2.948800000000000032e-02 2.595099999999999837e-02 1.851200000000000068e-02 7.910000000000000364e-04 4.498000000000000262e-03 2.399999999999999790e-03
9.174689999999999790e-01 2.962599999999999956e-02 2.636799999999999908e-02 1.858100000000000029e-02 8.580000000000000387e-04 4.632999999999999965e-03 2.465000000000000177e-03
9.164050000000000251e-01 3.015400000000000025e-02 2.678000000000000172e-02 1.875500000000000084e-02 8.700000000000000051e-04 4.621000000000000107e-03 2.415000000000000046e-03
9.156849999999999712e-01 3.024100000000000052e-02 2.665199999999999861e-02 1.927600000000000147e-02 8.300000000000000086e-04 4.844000000000000215e-03 2.471999999999999805e-03
9.147710000000000008e-01 3.050900000000000140e-02 2.693200000000000108e-02 1.949100000000000138e-02 9.219999999999999680e-04 4.908000000000000036e-03 2.467000000000000009e-03
9.130909999999999860e-01 3.107800000000000146e-02 2.759700000000000000e-02 1.966999999999999998e-02 8.890000000000000333e-04 5.047000000000000271e-03 2.628000000000000128e-03
9.125950000000000450e-01 3.097000000000000100e-02 2.759400000000000047e-02 1.991700000000000068e-02 9.890000000000000787e-04 5.190000000000000169e-03 2.745000000000000044e-03
9.118330000000000046e-01 3.154799999999999965e-02 2.758299999999999988e-02 2.009400000000000075e-02 9.770000000000000039e-04 5.205000000000000425e-03 2.759999999999999867e-03
9.105379999999999585e-01 3.190799999999999886e-02 2.817100000000000160e-02 2.024799999999999864e-02 1.061000000000000094e-03 5.232999999999999804e-03 2.841000000000000209e-03
9.102249999999999508e-01 3.199500000000000260e-02 2.835100000000000120e-02 2.020200000000000121e-02 1.002999999999999985e-03 5.379000000000000101e-03 2.844999999999999873e-03
9.095259999999999456e-01 3.227300000000000307e-02 2.829399999999999971e-02 2.047099999999999961e-02 1.018999999999999941e-03 5.499000000000000415e-03 2.918000000000000021e-03
9.074719999999999454e-01 3.284299999999999720e-02 2.903199999999999878e-02 2.095199999999999840e-02 1.110000000000000092e-03 5.525000000000000397e-03 3.066000000000000149e-03
9.070470000000000477e-01 3.259299999999999697e-02 2.912000000000000005e-02 2.128999999999999990e-02 1.090999999999999956e-03 5.778000000000000150e-03 3.080999999999999971e-03
9.062080000000000135e-01 3.322699999999999959e-02 2.935799999999999868e-02 2.114500000000000060e-02 1.100000000000000066e-03 5.806999999999999662e-03 3.154999999999999818e-03
9.053609999999999713e-01 3.315099999999999991e-02 2.946400000000000061e-02 2.188100000000000114e-02 1.193000000000000050e-03 5.788999999999999875e-03 3.161000000000000181e-03
9.039260000000000073e-01 3.404100000000000181e-02 2.982100000000000029e-02 2.168799999999999895e-02 1.206000000000000041e-03 6.080999999999999600e-03 3.236999999999999860e-03
9.037650000000000405e-01 3.337699999999999695e-02 2.990100000000000049e-02 2.213899999999999896e-02 1.286000000000000034e-03 6.206999999999999844e-03 3.324999999999999831e-03
9.019869999999999832e-01 3.437199999999999978e-02 3.046400000000000149e-02 2.236899999999999999e-02 1.219000000000000031e-03 6.185000000000000393e-03 3.403999999999999908e-03
9.020270000000000232e-01 3.432899999999999840e-02 3.016999999999999890e-02 2.247199999999999892e-02 1.301999999999999989e-03 6.276999999999999594e-03 3.422999999999999828e-03
9.005670000000000064e-01 3.462300000000000100e-02 3.097400000000000153e-02 2.257199999999999832e-02 1.356999999999999916e-03 6.413000000000000297e-03 3.494000000000000144e-03
8.989279999999999493e-01 3.506999999999999701e-02 3.115800000000000167e-02 2.306899999999999923e-02 1.340999999999999961e-03 6.735999999999999800e-03 3.697999999999999898e-03
8.988070000000000226e-01 3.527700000000000280e-02 3.122199999999999975e-02 2.311200000000000060e-02 1.366999999999999943e-03 6.612999999999999955e-03 3.602000000000000167e-03
8.972740000000000160e-01 3.577000000000000318e-02 3.170599999999999807e-02 2.340899999999999925e-02 1.500999999999999947e-03 6.642999999999999600e-03 3.697000000000000199e-03
8.963140000000000551e-01 3.592200000000000254e-02 3.207499999999999934e-02 2.363600000000000076e-02 1.482000000000000027e-03 6.857000000000000248e-03 3.713999999999999854e-03
8.956859999999999822e-01 3.632599999999999718e-02 3.191800000000000193e-02 2.374499999999999875e-02 1.458000000000000095e-03 7.034999999999999587e-03 3.831999999999999903e-03
8.950240000000000418e-01 3.623200000000000032e-02 3.216000000000000109e-02 2.404500000000000040e-02 1.567999999999999949e-03 7.113999999999999664e-03 3.857000000000000185e-03
8.930550000000000432e-01 3.663299999999999890e-02 3.318600000000000022e-02 2.423399999999999860e-02 1.577000000000000060e-03 7.232999999999999846e-03 4.081999999999999691e-03
8.925629999999999953e-01 3.689200000000000118e-02 3.320800000000000141e-02 2.444699999999999998e-02 1.554999999999999959e-03 7.131000000000000186e-03 4.204000000000000271e-03
8.924180000000000446e-01 3.679999999999999938e-02 3.301899999999999974e-02 2.476099999999999829e-02 1.521000000000000000e-03 7.333000000000000108e-03 4.147999999999999778e-03
8.908549999999999525e-01 3.763400000000000079e-02 3.319400000000000128e-02 2.484300000000000050e-02 1.732000000000000033e-03 7.477000000000000139e-03 4.264999999999999694e-03
8.895560000000000134e-01 3.772699999999999665e-02 3.396199999999999913e-02 2.518499999999999905e-02 1.765999999999999992e-03 7.428999999999999840e-03 4.375000000000000416e-03
8.889610000000000012e-01 3.778900000000000314e-02 3.402100000000000263e-02 2.524500000000000008e-02 1.753999999999999917e-03 7.771000000000000130e-03 4.459000000000000290e-03
8.881430000000000158e-01 3.821200000000000291e-02 3.425000000000000266e-02 2.533499999999999988e-02 1.797999999999999902e-03 7.825000000000000358e-03 4.436999999999999972e-03
8.872780000000000111e-01 3.826199999999999740e-02 3.435900000000000065e-02 2.573100000000000040e-02 1.809000000000000061e-03 7.919999999999999957e-03 4.641000000000000160e-03
8.867310000000000469e-01 3.839599999999999957e-02 3.440200000000000202e-02 2.608999999999999861e-02 1.810999999999999893e-03 7.979999999999999247e-03 4.590000000000000330e-03
8.858120000000000438e-01 3.836699999999999833e-02 3.493199999999999777e-02 2.641699999999999951e-02 1.876999999999999979e-03 7.978999999999999981e-03 4.616000000000000311e-03
8.841890000000000027e-01 3.925499999999999823e-02 3.519900000000000112e-02 2.647400000000000100e-02 1.864999999999999904e-03 8.144999999999999463e-03 4.872999999999999728e-03
8.831620000000000026e-01 3.955100000000000282e-02 3.526499999999999774e-02 2.662199999999999983e-02 1.941000000000000017e-03 8.574999999999999289e-03 4.884000000000000320e-03
8.827460000000000306e-01 3.976799999999999780e-02 3.556299999999999739e-02 2.665800000000000114e-02 1.928999999999999942e-03 8.467999999999999833e-03 4.867999999999999931e-03
8.814260000000000428e-01 4.036300000000000304e-02 3.574900000000000300e-02 2.707299999999999984e-02 2.011000000000000201e-03 8.488000000000000753e-03 4.890000000000000249e-03
8.803260000000000529e-01 4.048000000000000209e-02 3.610599999999999921e-02 2.724400000000000086e-02 2.024000000000000191e-03 8.781000000000000610e-03 5.039000000000000076e-03
8.795619999999999550e-01 4.052499999999999852e-02 3.633200000000000318e-02 2.750000000000000014e-02 2.164999999999999824e-03 8.826999999999999777e-03 5.088999999999999774e-03
8.784260000000000401e-01 4.087400000000000061e-02 3.644300000000000317e-02 2.784800000000000123e-02 2.173000000000000018e-03 9.013000000000000178e-03 5.223000000000000212e-03
8.778359999999999497e-01 4.065799999999999970e-02 3.712599999999999928e-02 2.800499999999999864e-02 2.275999999999999811e-03 8.835000000000000839e-03 5.263999999999999582e-03
8.769590000000000440e-01 4.107600000000000140e-02 3.684599999999999681e-02 2.846399999999999972e-02 2.252000000000000095e-03 9.063999999999999141e-03 5.338999999999999996e-03
8.758590000000000542e-01 4.133699999999999875e-02 3.709099999999999897e-02 2.872299999999999853e-02 2.309999999999999987e-03 9.280000000000000054e-03 5.400000000000000286e-03
8.745619999999999505e-01 4.206300000000000316e-02 3.765299999999999897e-02 2.847299999999999831e-02 2.344999999999999862e-03 9.348000000000000406e-03 5.556000000000000175e-03
8.745789999999999953e-01 4.171199999999999908e-02 3.769499999999999934e-02 2.872699999999999906e-02 2.354000000000000190e-03 9.355999999999999733e-03 5.577000000000000360e-03
8.728510000000000435e-01 4.229499999999999926e-02 3.811699999999999811e-02 2.894100000000000145e-02 2.474000000000000071e-03 9.684999999999999165e-03 5.636999999999999650e-03
8.715349999999999486e-01 4.273500000000000215e-02 3.831799999999999790e-02 2.922100000000000045e-02 2.475999999999999902e-03 9.816999999999999338e-03 5.897999999999999597e-03
8.710179999999999589e-01 4.259500000000000092e-02 3.850300000000000250e-02 2.958900000000000072e-02 2.511999999999999910e-03 9.792000000000000356e-03 5.990999999999999798e-03
8.697009999999999463e-01 4.275500000000000134e-02 3.866399999999999698e-02 3.009900000000000075e-02 2.552000000000000015e-03 1.017299999999999975e-02 6.055999999999999751e-03
8.688529999999999864e-01 4.340600000000000014e-02 3.912600000000000106e-02 2.986000000000000112e-02 2.589999999999999854e-03 1.018900000000000014e-02 5.976000000000000409e-03
8.680579999999999963e-01 4.363999999999999824e-02 3.912899999999999712e-02 3.008399999999999963e-02 2.652999999999999976e-03 1.032399999999999984e-02 6.112000000000000245e-03
8.665239999999999609e-01 4.393199999999999883e-02 3.950200000000000239e-02 3.069699999999999859e-02 2.687999999999999851e-03 1.037599999999999981e-02 6.281000000000000125e-03
8.659019999999999495e-01 4.394900000000000195e-02 3.996999999999999859e-02 3.065100000000000116e-02 2.737999999999999982e-03 1.052600000000000063e-02 6.263999999999999603e-03
8.648869999999999614e-01 4.432200000000000029e-02 4.017199999999999938e-02 3.088899999999999979e-02 2.736000000000000151e-03 1.055999999999999994e-02 6.433999999999999615e-03
8.646089999999999609e-01 4.397399999999999920e-02 4.027499999999999830e-02 3.087300000000000114e-02 2.880999999999999880e-03 1.091100000000000056e-02 6.477000000000000118e-03
8.635840000000000183e-01 4.463500000000000106e-02 4.040900000000000047e-02 3.117100000000000079e-02 2.837999999999999811e-03 1.081200000000000043e-02 6.551000000000000399e-03
8.621820000000000039e-01 4.498599999999999821e-02 4.059399999999999814e-02 3.166100000000000164e-02 2.841999999999999908e-03 1.094799999999999940e-02 6.786999999999999630e-03
8.613560000000000105e-01 4.527799999999999880e-02 4.086700000000000055e-02 3.158099999999999796e-02 2.905000000000000030e-03 1.103999999999999947e-02 6.973000000000000032e-03
8.604009999999999714e-01 4.534500000000000336e-02 4.117900000000000033e-02 3.198899999999999660e-02 3.066000000000000149e-03 1.114399999999999939e-02 6.876000000000000167e-03
8.597460000000000102e-01 4.556000000000000327e-02 4.150399999999999923e-02 3.188300000000000162e-02 3.039000000000000035e-03 1.119799999999999962e-02 7.069999999999999896e-03
8.586589999999999501e-01 4.564300000000000301e-02 4.179499999999999882e-02 3.230199999999999738e-02 3.122000000000000209e-03 1.149500000000000001e-02 6.983999999999999757e-03
8.581779999999999964e-01 4.578999999999999737e-02 4.175600000000000145e-02 3.235500000000000181e-02 3.115000000000000147e-03 1.167799999999999915e-02 7.127999999999999788e-03
8.568219999999999725e-01 4.654599999999999710e-02 4.198400000000000049e-02 3.257399999999999879e-02 3.317000000000000070e-03 1.166900000000000055e-02 7.087999999999999683e-03
8.553969999999999629e-01 4.683500000000000163e-02 4.226599999999999802e-02 3.306900000000000117e-02 3.294000000000000053e-03 1.186899999999999934e-02 7.270000000000000420e-03
8.551239999999999952e-01 4.649500000000000161e-02 4.277100000000000346e-02 3.315300000000000191e-02 3.246000000000000187e-03 1.179200000000000040e-02 7.419000000000000247e-03
8.538529999999999731e-01 4.675200000000000189e-02 4.260200000000000098e-02 3.378400000000000153e-02 3.334000000000000158e-03 1.223600000000000035e-02 7.439000000000000300e-03
8.532399999999999984e-01 4.735999999999999932e-02 4.283000000000000002e-02 3.331599999999999839e-02 3.396000000000000147e-03 1.226799999999999939e-02 7.590000000000000392e-03
8.522089999999999943e-01 4.719799999999999690e-02 4.333300000000000346e-02 3.387400000000000133e-02 3.514999999999999895e-03 1.227299999999999919e-02 7.597999999999999719e-03
8.514140000000000041e-01 4.765099999999999891e-02 4.346699999999999869e-02 3.371099999999999791e-02 3.618999999999999821e-03 1.247000000000000018e-02 7.668000000000000337e-03
8.498229999999999951e-01 4.776699999999999696e-02 4.404799999999999688e-02 3.434700000000000253e-02 3.631000000000000113e-03 1.246099999999999985e-02 7.922999999999999488e-03
8.491149999999999531e-01 4.815300000000000136e-02 4.360599999999999893e-02 3.442300000000000221e-02 3.655999999999999962e-03 1.296300000000000056e-02 8.083999999999999173e-03
8.480509999999999993e-01 4.833400000000000196e-02 4.419700000000000017e-02 3.480199999999999960e-02 3.665999999999999988e-03 1.304400000000000004e-02 7.905999999999999833e-03
8.475690000000000168e-01 4.848600000000000132e-02 4.427299999999999985e-02 3.477000000000000229e-02 3.759000000000000188e-03 1.307499999999999982e-02 8.068000000000000518e-03
8.463870000000000005e-01 4.887400000000000078e-02 4.455900000000000138e-02 3.510100000000000026e-02 3.876000000000000105e-03 1.311499999999999992e-02 8.087999999999999703e-03
8.445430000000000437e-01 4.922200000000000186e-02 4.520699999999999719e-02 3.547000000000000153e-02 3.943999999999999589e-03 1.331899999999999924e-02 8.295000000000000290e-03
8.448350000000000026e-01 4.920299999999999674e-02 4.531199999999999811e-02 3.516799999999999787e-02 3.889000000000000096e-03 1.327000000000000055e-02 8.323000000000000537e-03
8.437459999999999960e-01 4.948899999999999827e-02 4.490500000000000047e-02 3.584699999999999692e-02 4.026000000000000065e-03 1.354299999999999948e-02 8.444000000000000117e-03
8.423460000000000392e-01 4.998099999999999765e-02 4.519700000000000106e-02 3.614599999999999758e-02 4.072000000000000099e-03 1.369300000000000031e-02 8.564999999999999697e-03
8.415510000000000490e-01 4.986399999999999860e-02 4.561400000000000177e-02 3.635200000000000237e-02 4.047000000000000250e-03 1.379599999999999924e-02 8.776000000000000814e-03
8.405479999999999619e-01 5.040000000000000036e-02 4.605499999999999872e-02 3.613700000000000245e-02 4.259999999999999898e-03 1.382599999999999975e-02 8.774000000000000549e-03
8.397329999999999517e-01 5.056800000000000184e-02 4.580399999999999749e-02 3.658800000000000247e-02 4.279999999999999950e-03 1.407599999999999997e-02 8.951000000000000623e-03
8.389210000000000278e-01 5.099299999999999666e-02 4.614900000000000252e-02 3.636400000000000049e-02 4.367000000000000222e-03 1.412799999999999993e-02 9.077999999999999264e-03
8.379990000000000494e-01 5.088100000000000261e-02 4.653000000000000191e-02 3.683399999999999869e-02 4.408999999999999725e-03 1.438200000000000069e-02 8.965000000000000746e-03
8.371690000000000520e-01 5.095600000000000129e-02 4.705899999999999667e-02 3.680900000000000144e-02 4.440999999999999635e-03 1.438000000000000042e-02 9.185999999999999721e-03
8.357930000000000081e-01 5.128900000000000126e-02 4.760999999999999954e-02 3.726100000000000245e-02 4.344999999999999904e-03 1.443900000000000045e-02 9.263000000000000400e-03
8.344399999999999595e-01 5.151399999999999729e-02 4.755500000000000005e-02 3.765799999999999703e-02 4.512000000000000385e-03 1.480399999999999945e-02 9.516999999999999418e-03
8.345789999999999598e-01 5.145500000000000074e-02 4.743900000000000200e-02 3.785199999999999676e-02 4.529000000000000040e-03 1.472099999999999971e-02 9.424999999999999351e-03
8.329980000000000162e-01 5.229799999999999727e-02 4.789100000000000301e-02 3.791900000000000132e-02 4.651999999999999885e-03 1.473000000000000004e-02 9.511999999999999622e-03
8.324369999999999825e-01 5.219599999999999934e-02 4.770499999999999741e-02 3.812999999999999723e-02 4.695999999999999654e-03 1.521199999999999983e-02 9.624000000000000610e-03
8.315470000000000361e-01 5.211500000000000160e-02 4.798299999999999788e-02 3.827599999999999753e-02 4.806999999999999641e-03 1.533200000000000014e-02 9.939999999999999183e-03
8.306909999999999572e-01 5.271100000000000091e-02 4.813200000000000117e-02 3.844000000000000195e-02 4.845999999999999613e-03 1.537200000000000025e-02 9.808000000000000745e-03
8.290830000000000144e-01 5.310700000000000143e-02 4.828500000000000153e-02 3.905499999999999944e-02 4.818000000000000234e-03 1.541599999999999915e-02 1.023600000000000031e-02
8.285890000000000200e-01 5.348100000000000076e-02 4.866600000000000092e-02 3.886300000000000171e-02 4.905999999999999771e-03 1.537499999999999978e-02 1.012000000000000052e-02
8.274019999999999708e-01 5.321000000000000035e-02 4.894500000000000239e-02 3.946000000000000202e-02 5.076999999999999916e-03 1.572499999999999939e-02 1.018100000000000081e-02
8.264329999999999732e-01 5.348499999999999782e-02 4.963000000000000050e-02 3.922899999999999998e-02 5.079000000000000181e-03 1.586299999999999863e-02 1.028100000000000021e-02
8.254770000000000163e-01 5.391699999999999965e-02 4.946899999999999908e-02 3.967899999999999899e-02 5.193999999999999832e-03 1.604500000000000023e-02 1.021900000000000065e-02
8.248900000000000121e-01 5.389300000000000340e-02 4.951799999999999952e-02 3.977599999999999886e-02 5.338999999999999996e-03 1.624099999999999849e-02 1.034299999999999976e-02
8.241039999999999477e-01 5.446600000000000052e-02 4.932600000000000179e-02 3.997400000000000259e-02 5.266999999999999980e-03 1.614499999999999963e-02 1.071800000000000010e-02
8.235209999999999475e-01 5.445099999999999940e-02 4.982400000000000023e-02 4.004599999999999826e-02 5.276999999999999573e-03 1.627999999999999933e-02 1.060099999999999931e-02
8.227529999999999566e-01 5.458199999999999857e-02 4.978899999999999992e-02 4.030999999999999861e-02 5.420999999999999604e-03 1.639300000000000132e-02 1.075199999999999941e-02
8.213559999999999750e-01 5.469099999999999656e-02 5.028200000000000031e-02 4.067300000000000082e-02 5.425000000000000135e-03 1.661199999999999830e-02 1.096100000000000026e-02
8.206299999999999706e-01 5.476500000000000118e-02 5.064500000000000252e-02 4.077599999999999975e-02 5.407999999999999613e-03 1.677700000000000025e-02 1.099900000000000010e-02
8.195029999999999815e-01 5.493699999999999972e-02 5.041899999999999854e-02 4.139700000000000324e-02 5.544000000000000317e-03 1.712400000000000033e-02 1.107600000000000078e-02
8.181059999999999999e-01 5.557900000000000340e-02 5.112699999999999884e-02 4.121899999999999870e-02 5.637999999999999783e-03 1.697800000000000004e-02 1.135300000000000024e-02
8.179300000000000459e-01 5.546199999999999741e-02 5.130200000000000038e-02 4.119699999999999751e-02 5.642000000000000313e-03 1.721699999999999967e-02 1.124999999999999958e-02
8.163719999999999866e-01 5.587799999999999712e-02 5.140000000000000124e-02 4.184999999999999831e-02 5.791000000000000140e-03 1.728899999999999881e-02 1.141999999999999960e-02
8.156280000000000197e-01 5.611200000000000215e-02 5.160000000000000003e-02 4.186399999999999844e-02 5.733000000000000249e-03 1.741600000000000092e-02 1.164699999999999937e-02
8.149170000000000025e-01 5.603500000000000147e-02 5.190000000000000169e-02 4.216400000000000009e-02 5.779000000000000282e-03 1.756599999999999828e-02 1.163900000000000004e-02
8.137060000000000404e-01 5.642199999999999993e-02 5.235000000000000070e-02 4.215100000000000097e-02 5.941000000000000100e-03 1.769899999999999946e-02 1.173100000000000011e-02
8.125900000000000345e-01 5.707000000000000267e-02 5.249600000000000100e-02 4.247299999999999687e-02 6.015999999999999646e-03 1.778599999999999973e-02 1.156899999999999942e-02
8.117569999999999508e-01 5.703699999999999742e-02 5.322799999999999754e-02 4.223600000000000271e-02 6.083999999999999998e-03 1.784699999999999828e-02 1.181100000000000032e-02
8.108490000000000419e-01 5.740200000000000163e-02 5.286300000000000027e-02 4.266500000000000153e-02 6.190000000000000190e-03 1.791699999999999890e-02 1.211399999999999977e-02
8.102780000000000538e-01 5.691500000000000031e-02 5.314300000000000274e-02 4.320100000000000329e-02 6.237000000000000356e-03 1.818200000000000024e-02 1.204399999999999915e-02
8.090300000000000269e-01 5.763100000000000167e-02 5.313299999999999967e-02 4.340600000000000014e-02 6.300000000000000044e-03 1.825699999999999892e-02 1.224300000000000041e-02
8.079570000000000363e-01 5.792499999999999732e-02 5.352300000000000113e-02 4.310400000000000342e-02 6.282000000000000257e-03 1.882199999999999845e-02 1.238700000000000044e-02
8.071620000000000461e-01 5.789799999999999808e-02 5.361799999999999899e-02 4.378200000000000147e-02 6.388999999999999714e-03 1.855000000000000052e-02 1.260099999999999935e-02
8.063160000000000327e-01 5.785900000000000071e-02 5.382900000000000185e-02 4.406100000000000294e-02 6.461999999999999862e-03 1.900800000000000059e-02 1.246500000000000039e-02
8.055539999999999923e-01 5.879899999999999710e-02 5.372699999999999698e-02 4.379999999999999866e-02 6.661000000000000254e-03 1.896499999999999922e-02 1.249399999999999990e-02
8.049490000000000256e-01 5.843799999999999689e-02 5.415199999999999875e-02 4.397800000000000320e-02 6.617999999999999751e-03 1.893900000000000097e-02 1.292599999999999999e-02
8.038370000000000237e-01 5.844799999999999995e-02 5.435799999999999660e-02 4.449999999999999789e-02 6.777000000000000038e-03 1.913400000000000170e-02 1.294599999999999917e-02
8.025889999999999969e-01 5.887099999999999972e-02 5.482000000000000067e-02 4.455400000000000332e-02 6.676999999999999776e-03 1.945300000000000154e-02 1.303600000000000071e-02
8.019389999999999574e-01 5.939599999999999741e-02 5.437299999999999772e-02 4.480599999999999861e-02 6.930000000000000396e-03 1.947600000000000026e-02 1.307999999999999961e-02
8.011810000000000320e-01 5.960399999999999726e-02 5.491299999999999654e-02 4.459799999999999875e-02 6.982999999999999624e-03 1.948099999999999832e-02 1.324000000000000003e-02
8.007220000000000448e-01 5.938100000000000322e-02 5.519500000000000101e-02 4.476299999999999724e-02 6.904999999999999680e-03 1.956199999999999953e-02 1.347199999999999960e-02
7.998140000000000249e-01 5.950500000000000234e-02 5.520200000000000107e-02 4.544800000000000229e-02 6.982000000000000359e-03 1.981399999999999828e-02 1.323500000000000024e-02
7.981540000000000301e-01 5.987200000000000161e-02 5.547599999999999754e-02 4.579500000000000237e-02 7.193999999999999874e-03 1.997600000000000070e-02 1.353299999999999989e-02
7.977680000000000327e-01 5.990100000000000285e-02 5.583699999999999775e-02 4.543099999999999916e-02 7.203000000000000201e-03 2.024899999999999964e-02 1.361099999999999983e-02
7.969859999999999722e-01 6.015999999999999820e-02 5.562199999999999783e-02 4.572099999999999775e-02 7.329999999999999710e-03 2.034899999999999903e-02 1.383200000000000054e-02
7.956609999999999516e-01 6.068899999999999989e-02 5.615900000000000059e-02 4.591900000000000148e-02 7.361999999999999621e-03 2.030099999999999960e-02 1.390899999999999949e-02
7.953900000000000414e-01 6.056999999999999884e-02 5.580399999999999944e-02 4.603899999999999659e-02 7.349999999999999763e-03 2.064699999999999869e-02 1.420000000000000082e-02
7.940369999999999928e-01 6.084200000000000025e-02 5.658400000000000235e-02 4.642500000000000099e-02 7.523000000000000173e-03 2.069299999999999959e-02 1.389600000000000037e-02
7.934430000000000094e-01 6.079400000000000082e-02 5.675000000000000183e-02 4.631300000000000000e-02 7.520999999999999908e-03 2.079999999999999905e-02 1.437899999999999942e-02
7.925870000000000415e-01 6.126800000000000301e-02 5.685099999999999876e-02 4.676600000000000201e-02 7.581000000000000065e-03 2.075499999999999914e-02 1.419199999999999975e-02
7.919129999999999781e-01 6.088099999999999762e-02 5.716299999999999853e-02 4.680100000000000232e-02 7.660000000000000142e-03 2.108900000000000011e-02 1.449300000000000067e-02
7.906379999999999519e-01 6.123300000000000270e-02 5.731900000000000189e-02 4.707299999999999679e-02 7.924000000000000488e-03 2.129999999999999949e-02 1.451299999999999986e-02
7.893850000000000033e-01 6.140400000000000025e-02 5.744599999999999707e-02 4.745300000000000212e-02 7.952000000000000735e-03 2.150200000000000028e-02 1.485799999999999968e-02
7.894520000000000426e-01 6.172400000000000109e-02 5.750199999999999756e-02 4.740799999999999875e-02 7.955999999999999531e-03 2.126499999999999918e-02 1.469299999999999946e-02
7.879279999999999617e-01 6.201700000000000268e-02 5.761399999999999855e-02 4.783899999999999958e-02 7.927000000000000018e-03 2.172100000000000072e-02 1.495400000000000028e-02
7.880700000000000482e-01 6.217999999999999916e-02 5.787899999999999989e-02 4.729099999999999970e-02 8.044000000000000802e-03 2.170400000000000107e-02 1.483199999999999970e-02
7.860949999999999882e-01 6.238699999999999801e-02 5.810099999999999987e-02 4.822900000000000104e-02 8.245000000000000592e-03 2.192300000000000151e-02 1.502000000000000036e-02
7.852919999999999900e-01 6.254600000000000437e-02 5.819599999999999773e-02 4.834800000000000209e-02 8.137999999999999401e-03 2.219700000000000145e-02 1.528299999999999971e-02
7.842200000000000282e-01 6.303799999999999681e-02 5.858300000000000313e-02 4.828799999999999759e-02 8.510000000000000203e-03 2.203400000000000150e-02 1.532700000000000035e-02
7.839909999999999934e-01 6.293799999999999395e-02 5.872499999999999942e-02 4.834800000000000209e-02 8.413999999999999604e-03 2.236899999999999999e-02 1.521499999999999936e-02
7.824910000000000476e-01 6.369400000000000062e-02 5.861999999999999850e-02 4.879700000000000010e-02 8.427000000000000463e-03 2.263000000000000081e-02 1.534100000000000047e-02
7.828629999999999756e-01 6.299200000000000632e-02 5.887400000000000272e-02 4.882700000000000234e-02 8.404000000000000012e-03 2.266100000000000059e-02 1.537900000000000031e-02
7.807490000000000263e-01 6.395000000000000684e-02 5.922299999999999787e-02 4.911399999999999794e-02 8.444000000000000117e-03 2.290199999999999875e-02 1.561799999999999994e-02
7.797690000000000454e-01 6.403999999999999970e-02 5.956399999999999889e-02 4.919099999999999862e-02 8.682999999999999746e-03 2.291299999999999934e-02 1.583999999999999991e-02
7.790749999999999620e-01 6.422999999999999543e-02 5.960300000000000320e-02 4.972900000000000237e-02 8.734999999999999709e-03 2.282599999999999907e-02 1.580200000000000007e-02
7.787690000000000445e-01 6.417299999999999394e-02 5.943699999999999678e-02 4.973600000000000243e-02 8.739000000000000240e-03 2.314499999999999891e-02 1.600100000000000133e-02
7.772409999999999597e-01 6.438900000000000179e-02 6.019900000000000251e-02 4.994200000000000028e-02 8.854000000000000759e-03 2.331899999999999945e-02 1.605600000000000083e-02
7.761500000000000066e-01 6.467799999999999938e-02 6.020699999999999663e-02 5.033100000000000074e-02 8.869000000000000147e-03 2.355600000000000055e-02 1.620900000000000118e-02
7.751179999999999737e-01 6.495700000000000085e-02 6.071599999999999914e-02 5.005799999999999833e-02 8.961999999999999481e-03 2.358700000000000033e-02 1.660199999999999870e-02
7.751149999999999984e-01 6.503000000000000447e-02 6.063199999999999840e-02 5.021099999999999869e-02 9.294000000000000178e-03 2.339600000000000013e-02 1.632199999999999970e-02
7.725809999999999622e-01 6.537199999999999955e-02 6.128200000000000314e-02 5.073400000000000132e-02 9.346000000000000141e-03 2.381300000000000083e-02 1.687200000000000158e-02
7.730259999999999909e-01 6.563700000000000090e-02 6.083500000000000019e-02 5.025400000000000006e-02 9.423000000000000820e-03 2.412399999999999961e-02 1.670100000000000057e-02
7.722210000000000463e-01 6.586799999999999600e-02 6.097999999999999948e-02 5.074100000000000138e-02 9.294999999999999443e-03 2.411599999999999855e-02 1.677899999999999878e-02
7.710169999999999524e-01 6.563700000000000090e-02 6.121800000000000158e-02 5.161500000000000116e-02 9.428999999999999881e-03 2.408000000000000071e-02 1.700399999999999828e-02
7.709880000000000067e-01 6.608899999999999497e-02 6.105100000000000110e-02 5.093500000000000111e-02 9.492000000000000437e-03 2.443400000000000086e-02 1.701099999999999834e-02
7.695459999999999523e-01 6.628100000000000658e-02 6.139900000000000219e-02 5.131399999999999850e-02 9.724999999999999270e-03 2.444500000000000145e-02 1.728999999999999981e-02
7.689920000000000089e-01 6.588499999999999912e-02 6.151800000000000324e-02 5.176599999999999951e-02 9.825999999999999665e-03 2.483000000000000138e-02 1.718300000000000036e-02
7.683459999999999734e-01 6.642499999999999793e-02 6.163799999999999835e-02 5.146799999999999986e-02 9.851000000000000381e-03 2.484700000000000103e-02 1.742499999999999952e-02
7.672689999999999788e-01 6.672699999999999465e-02 6.184300000000000214e-02 5.188500000000000056e-02 9.794999999999999887e-03 2.502400000000000110e-02 1.745700000000000029e-02
7.664410000000000389e-01 6.715799999999999548e-02 6.218900000000000122e-02 5.200599999999999667e-02 9.889000000000000221e-03 2.473200000000000051e-02 1.758499999999999994e-02
7.649660000000000348e-01 6.703900000000000137e-02 6.274100000000000510e-02 5.220400000000000040e-02 1.003800000000000005e-02 2.529800000000000104e-02 1.771400000000000058e-02
7.645159999999999734e-01 6.732899999999999996e-02 6.235399999999999970e-02 5.264300000000000229e-02 1.009200000000000028e-02 2.523200000000000096e-02 1.783399999999999916e-02
7.635480000000000045e-01 6.778499999999999803e-02 6.244100000000000344e-02 5.271900000000000197e-02 1.016899999999999922e-02 2.540500000000000050e-02 1.793300000000000102e-02
7.627599999999999936e-01 6.735399999999999721e-02 6.292100000000000470e-02 5.291699999999999876e-02 1.035799999999999915e-02 2.574099999999999999e-02 1.794899999999999968e-02
7.619740000000000402e-01 6.735900000000000221e-02 6.336799999999999378e-02 5.328100000000000197e-02 1.034900000000000056e-02 2.566200000000000078e-02 1.800699999999999870e-02
7.605610000000000426e-01 6.730300000000000171e-02 6.406199999999999395e-02 5.293400000000000188e-02 1.058899999999999945e-02 2.611600000000000033e-02 1.843500000000000000e-02
7.602940000000000254e-01 6.809099999999999875e-02 6.343300000000000327e-02 5.312200000000000255e-02 1.055299999999999988e-02 2.602199999999999999e-02 1.848500000000000143e-02
7.594539999999999624e-01 6.810700000000000087e-02 6.361100000000000088e-02 5.358399999999999969e-02 1.068799999999999958e-02 2.587700000000000070e-02 1.867900000000000116e-02
7.584920000000000551e-01 6.866999999999999493e-02 6.371999999999999886e-02 5.371800000000000186e-02 1.059500000000000025e-02 2.619399999999999853e-02 1.861099999999999907e-02
7.576690000000000369e-01 6.862400000000000444e-02 6.378799999999999748e-02 5.406099999999999794e-02 1.067000000000000066e-02 2.636200000000000002e-02 1.882599999999999899e-02
7.567920000000000202e-01 6.865599999999999481e-02 6.443500000000000616e-02 5.389599999999999946e-02 1.070199999999999971e-02 2.652900000000000050e-02 1.898999999999999994e-02
7.551919999999999744e-01 6.877700000000000480e-02 6.475999999999999812e-02 5.452599999999999808e-02 1.083499999999999915e-02 2.673800000000000135e-02 1.917200000000000154e-02
7.554450000000000331e-01 6.888900000000000579e-02 6.431499999999999717e-02 5.413699999999999762e-02 1.119299999999999982e-02 2.690700000000000036e-02 1.911399999999999905e-02
7.543149999999999578e-01 6.930300000000000349e-02 6.442299999999999416e-02 5.445500000000000340e-02 1.120999999999999948e-02 2.681899999999999909e-02 1.947499999999999926e-02
7.538479999999999626e-01 6.902099999999999902e-02 6.472899999999999487e-02 5.486300000000000204e-02 1.115599999999999925e-02 2.706000000000000072e-02 1.932299999999999990e-02
7.527049999999999574e-01 6.933200000000000474e-02 6.507499999999999396e-02 5.501700000000000340e-02 1.123700000000000046e-02 2.723300000000000026e-02 1.940100000000000158e-02
7.516869999999999941e-01 6.984100000000000030e-02 6.551300000000000179e-02 5.469999999999999862e-02 1.130500000000000081e-02 2.739300000000000068e-02 1.956099999999999853e-02
7.512739999999999974e-01 6.959100000000000008e-02 6.518999999999999795e-02 5.539100000000000273e-02 1.138100000000000049e-02 2.756700000000000123e-02 1.960599999999999843e-02
7.502079999999999860e-01 6.996800000000000241e-02 6.583999999999999575e-02 5.488599999999999729e-02 1.153900000000000065e-02 2.767700000000000021e-02 1.988200000000000037e-02
7.491879999999999651e-01 7.007700000000000040e-02 6.575000000000000289e-02 5.543700000000000017e-02 1.171699999999999998e-02 2.773300000000000071e-02 2.009800000000000128e-02
7.480710000000000415e-01 7.036399999999999599e-02 6.596799999999999886e-02 5.570900000000000157e-02 1.169199999999999927e-02 2.796500000000000027e-02 2.023099999999999898e-02
7.485399999999999832e-01 7.026999999999999913e-02 6.561300000000000465e-02 5.548199999999999660e-02 1.185199999999999969e-02 2.810100000000000098e-02 2.014200000000000018e-02
7.468590000000000506e-01 7.032499999999999862e-02 6.664299999999999391e-02 5.584999999999999687e-02 1.204200000000000062e-02 2.815799999999999900e-02 2.012299999999999853e-02
7.466380000000000239e-01 7.051000000000000323e-02 6.619800000000000684e-02 5.651199999999999973e-02 1.182300000000000018e-02 2.816099999999999853e-02 2.015799999999999884e-02
7.449949999999999628e-01 7.140100000000000613e-02 6.646900000000000031e-02 5.639500000000000068e-02 1.193899999999999996e-02 2.826599999999999946e-02 2.053500000000000117e-02
7.449139999999999651e-01 7.077799999999999370e-02 6.698700000000000487e-02 5.619999999999999996e-02 1.214299999999999928e-02 2.836800000000000085e-02 2.060999999999999985e-02
7.435720000000000107e-01 7.140299999999999425e-02 6.695500000000000063e-02 5.656599999999999823e-02 1.200900000000000058e-02 2.869700000000000029e-02 2.079800000000000051e-02
7.427550000000000541e-01 7.122499999999999665e-02 6.728199999999999459e-02 5.706699999999999967e-02 1.230999999999999976e-02 2.867000000000000104e-02 2.069100000000000106e-02
7.417939999999999534e-01 7.120899999999999452e-02 6.730700000000000571e-02 5.715900000000000147e-02 1.228899999999999958e-02 2.929199999999999859e-02 2.094999999999999987e-02
7.413459999999999495e-01 7.186900000000000233e-02 6.735499999999999821e-02 5.711600000000000010e-02 1.243700000000000014e-02 2.903599999999999931e-02 2.084099999999999842e-02
7.396949999999999914e-01 7.185199999999999920e-02 6.768799999999999817e-02 5.767200000000000104e-02 1.257999999999999917e-02 2.925499999999999975e-02 2.125799999999999912e-02
7.391630000000000145e-01 7.229900000000000215e-02 6.782199999999999340e-02 5.730199999999999877e-02 1.269900000000000022e-02 2.942200000000000024e-02 2.129299999999999943e-02
7.390560000000000462e-01 7.222699999999999954e-02 6.763199999999999767e-02 5.767200000000000104e-02 1.274400000000000012e-02 2.929400000000000059e-02 2.137500000000000164e-02
7.383440000000000003e-01 7.282900000000000484e-02 6.796099999999999364e-02 5.743199999999999694e-02 1.269900000000000022e-02 2.937599999999999933e-02 2.135899999999999951e-02
7.368289999999999562e-01 7.239600000000000202e-02 6.808400000000000563e-02 5.802000000000000213e-02 1.285500000000000011e-02 3.016200000000000131e-02 2.165399999999999964e-02
7.359670000000000378e-01 7.294000000000000483e-02 6.808300000000000463e-02 5.807799999999999768e-02 1.297000000000000063e-02 3.004400000000000126e-02 2.191799999999999998e-02
7.347310000000000230e-01 7.325299999999999867e-02 6.871399999999999730e-02 5.857199999999999906e-02 1.297099999999999989e-02 3.019499999999999962e-02 2.156399999999999983e-02
7.347920000000000007e-01 7.258399999999999574e-02 6.906400000000000039e-02 5.827999999999999847e-02 1.312100000000000072e-02 3.027399999999999883e-02 2.188500000000000167e-02
7.331299999999999484e-01 7.311700000000000144e-02 6.888099999999999778e-02 5.874499999999999861e-02 1.345299999999999968e-02 3.057500000000000148e-02 2.209900000000000059e-02
7.327719999999999789e-01 7.360200000000000076e-02 6.880400000000000404e-02 5.889899999999999997e-02 1.330600000000000012e-02 3.039000000000000035e-02 2.222700000000000023e-02
7.321969999999999867e-01 7.350399999999999989e-02 6.940499999999999448e-02 5.872999999999999748e-02 1.346699999999999980e-02 3.036000000000000157e-02 2.233699999999999922e-02
7.325559999999999850e-01 7.305499999999999494e-02 6.924399999999999999e-02 5.870199999999999724e-02 1.341499999999999984e-02 3.038400000000000128e-02 2.264400000000000093e-02
7.303929999999999589e-01 7.356600000000000639e-02 7.012500000000000677e-02 5.934999999999999998e-02 1.349400000000000079e-02 3.036600000000000063e-02 2.270600000000000049e-02
7.308799999999999741e-01 7.385600000000000498e-02 6.900900000000000090e-02 5.863299999999999762e-02 1.377399999999999979e-02 3.118200000000000138e-02 2.266599999999999865e-02
7.292459999999999498e-01 7.384899999999999798e-02 6.946800000000000197e-02 5.941799999999999859e-02 1.372800000000000062e-02 3.135999999999999899e-02 2.293099999999999999e-02
7.281940000000000079e-01 7.408700000000000008e-02 7.049900000000000611e-02 5.950300000000000034e-02 1.374500000000000027e-02 3.121900000000000022e-02 2.275299999999999892e-02
7.279820000000000180e-01 7.382400000000000073e-02 7.004000000000000503e-02 5.968400000000000094e-02 1.392599999999999914e-02 3.136599999999999805e-02 2.317800000000000069e-02
7.263009999999999744e-01 7.468400000000000039e-02 7.019499999999999351e-02 5.996499999999999747e-02 1.436499999999999930e-02 3.130299999999999749e-02 2.318699999999999928e-02
7.262319999999999887e-01 7.491000000000000436e-02 6.990100000000000480e-02 6.004799999999999721e-02 1.405600000000000079e-02 3.160400000000000015e-02 2.324899999999999883e-02
7.248499999999999943e-01 7.438300000000000467e-02 7.120300000000000240e-02 6.028900000000000231e-02 1.409499999999999989e-02 3.162700000000000233e-02 2.355300000000000102e-02
