    #         X           Y           Z       CHARGE      MIN DIST   ATOMIC VOL
 --------------------------------------------------------------------------------
    1    8.576302    8.296844   10.398443    3.919214     1.149239    78.230414
    2    8.563054    3.735389   14.872947    1.610788     0.066621     7.588679
    3    8.419942    6.292071   17.636880    0.000000     0.000000     0.000000
    4    8.516162    0.799954   12.438751    3.920923     1.177748    22.445987
    5   13.364421    6.130976   15.033224    2.717811     0.049810    15.351099
    6   13.490939    1.153151   10.447489    5.202468     1.500011    95.988611
    7   10.033435    3.284281   12.674104   16.268517     1.338808    37.518454
    8   10.219816    8.796827   17.622938   11.800098     0.963447    15.281710
    9    7.125242    5.815769   10.157640   14.306910     1.312415   110.044987
   10    6.879919    1.164409   15.267968   13.146064     0.996688    21.788136
   11    8.512224    3.280359   10.204501   14.398245     1.346461   118.030098
   12    8.378104    8.385832   14.963403   13.597204     0.951434    23.251221
   13   10.222625    8.067229   12.779914   15.318754     1.314393    32.957609
   14   10.526724    3.898177   18.098236   11.413194     0.900565    19.695709
   15    5.426642    8.104818   10.206382   14.623452     1.342792   110.841616
   16    5.559329    3.417849   14.773887   14.519466     1.046307    26.289813
   17    8.528432    5.754231   12.656400    6.149574     1.196499    26.352209
   18    8.624694    1.398882   17.865290    2.614478     0.270009     9.816119
   19    3.848294    7.973172   12.472583    8.676118     1.154008    45.121118
   20    3.987770    3.471582   17.243712    3.235852     0.402802    16.318779
   21    3.781627    5.584682   15.016322    2.728461     0.803170    10.321744
   22    3.900625    0.738914    9.999991    4.144347     1.011831    90.822629
   23   10.307719    5.686831   15.407360    2.783529     0.731056    10.613823
   24   10.191130    1.104698   10.137364    3.228480     1.053270   133.144521
   25    6.829461    7.994243   12.666691    2.339756     1.018958     7.878606
   26    7.109598    3.725500   17.431320    2.034997     0.658349     6.666182
   27   11.952045    6.537410   18.224793    1.846585     0.703009     6.924911
   28   11.667722    1.053719   12.575460    2.742476     1.036866    10.688591
   29   11.739195    3.338683   10.411998    3.712633     1.015357    42.968984
   30   11.430359    8.101279   15.091287    2.504770     0.750172     8.611225
   31    7.185216    3.246443   12.753911    2.415626     0.947659     8.032446
   32    7.242712    8.746403   17.901058    2.170639     0.655736     7.360610
   33    6.891074    5.818342   14.890208    2.341833     0.770447     7.637628
   34    6.877950    0.975596   10.086963    3.335156     1.065019    49.684653
   35    5.510840    5.550116   12.484201    2.501080     1.024846     8.964087
   36    5.589378    1.184905   18.115553    2.035861     0.685964     7.822665
   37    3.512493    3.500189   12.835184    2.948783     0.913881    12.097348
   38    3.287098    8.895332   17.779038    2.598190     0.598981    11.022088
   39    3.467984    5.872372   10.408678    2.979427     1.011345    50.570573
   40    3.440455    1.248356   14.993943    3.207999     0.644588    17.474724
   41   11.917713    8.216330   10.245331    3.331907     1.063077   133.128922
   42   11.889620    3.508702   15.141799    2.513439     0.762823    13.034368
   43    5.241349    3.365426   10.326797    3.873911     1.191189    57.782184
   44    5.251622    8.220108   15.076820    2.453092     0.823186    12.820284
   45    5.346589    6.450430   17.906590    0.938923     0.503043     6.991611
   46    5.289300    0.990641   12.608489    2.013909     1.074116    10.170594
   47    1.605381    5.844912   12.851228    2.490500     0.981008    13.486203
   48    1.531732    1.633489   17.703104    2.785674     0.616476    19.682800
   49   13.720383    5.671346   10.182924    4.055326     1.299301   103.000662
   50   13.513524    0.818366   15.205810    2.323442     0.741864    12.835346
   51    1.634563    8.339874   10.364529    3.576950     1.133369    60.407669
   52    1.368005    3.635431   15.301578    3.028611     0.682105    17.435996
   53   13.768321    3.161195   12.533081    2.752812     1.025813    15.032663
   54    0.413554    8.407610   17.801472    1.697842     0.625542    11.022088
   55    1.994408    3.173132   10.176672    3.995180     1.157991    85.102074
   56    2.064560    8.117682   15.181993    3.486990     0.799339    19.447738
   57   13.480500    8.379299   12.868849    3.281331     1.025030    18.541378
   58   13.513427    4.120245   18.178181    1.729211     0.553531    13.570116
   59    2.149240    5.985223   17.558346    1.611638     0.588793     9.223892
   60    2.027281    0.877369   12.468157    2.415152     1.103203    12.948304
   61   10.071705    5.794020   10.146631    2.766982     0.977231    86.689414
   62   10.040320    1.193293   15.083819    1.989156     0.729086     9.914016
   63   11.970513    5.661810   12.676594    2.616123     1.015919    13.878332
   64   12.209170    1.359247   18.114281    2.034738     0.601477    12.729379
   65    5.230221    8.611353   18.271127    7.630271     1.052415    34.892969
   66    0.079323    2.287145   19.115306    7.707211     1.227288   120.542624
   67    3.524075    1.364775   18.245346    7.591011     1.129725    50.362944
   68    0.198335    6.249098   18.346231    7.695428     1.100580    28.935738
   69    3.843226    5.172462   18.527891    7.683231     1.158483   114.166369
   70    5.567799    3.127844   18.472788    7.513761     1.032614    49.470569
   71   10.310184    0.875207   18.941834    7.507877     0.920263    87.245063
   72    7.221724    0.756924   19.128861    7.661074     1.030236   175.007585
   73    2.203664    7.781682   18.835887    7.563654     1.047037   300.370322
   74    8.764611    3.331835   18.661695    7.328306     0.801145    43.994758
   75    7.063133    5.511466   18.525983    7.705030     1.098386    74.480720
   76   11.878327    4.856538   19.301254    7.375465     0.847875   145.539866
   77   12.163725    8.484394   18.620699    7.532246     0.944436    54.797921
   78    8.720956    7.763796   18.630935    7.534826     0.870309    57.013527
   79   10.126377    5.795158   17.872178    7.501411     0.839298    14.864300
   80    3.757706    7.144926   16.457984    7.797588     1.120668    13.439406
   81   13.547195    2.636602   16.529935    7.886635     1.203553    14.038626
   82    1.611840    5.922165   15.282270    7.974194     1.175872    14.862149
   83   11.658468    0.166030   16.279671    7.665126     0.922757    12.424929
   84    3.468356    3.523507   15.019337    7.773036     0.958947    11.783753
   85    6.982392    7.268222   16.487390    7.731235     1.010235    12.967131
   86    8.331736    5.055336   16.252507    7.899826     1.092691    13.369479
   87    5.388124    4.942207   16.371926    7.626027     0.966727    11.912849
   88   13.608023    8.095837   15.485922    7.912155     1.167901    15.156918
   89   10.832173    2.404922   16.802107    7.558141     0.844653    11.722970
   90    8.405757    2.414687   16.145425    7.871039     0.900597    12.283461
   91    9.740063    7.429020   16.135688    7.508456     0.827083    10.776268
   92    5.012125    1.869120   16.293613    7.626999     0.954661    11.401307
   93   12.340370    5.477990   16.517846    7.836129     1.093691    14.677650
 --------------------------------------------------------------------------------
    VACUUM CHARGE:               0.0000
    VACUUM VOLUME:               0.0000
    NUMBER OF ELECTRONS:       518.0000
