    #         X           Y           Z       CHARGE      MIN DIST   ATOMIC VOL
 --------------------------------------------------------------------------------
    1    8.576302    8.296844   10.398443    3.944197     1.149239    79.237899
    2    8.527675    3.515636   15.056654    2.648772     0.073320    13.797109
    3    8.121723    6.260604   17.669245    0.000000     0.000000     0.000000
    4    8.516162    0.799954   12.438751    3.989200     1.210827    22.410485
    5   13.414990    6.122741   15.040250    3.941706     0.061206    23.148483
    6   13.490939    1.153151   10.447489    5.184180     1.500011    94.393203
    7   10.033435    3.284281   12.674104   15.300268     1.338808    33.389004
    8   10.012240    8.383881   17.596022   12.217996     0.928091    18.468762
    9    7.125242    5.815769   10.157640   14.288223     1.312415   109.785182
   10    6.994028    1.096357   15.118756   14.344355     1.221807    26.574899
   11    8.512224    3.280359   10.204501   14.414052     1.346461   117.303396
   12    8.443408    8.279848   15.138286   14.005657     1.111870    24.657289
   13   10.222625    8.067229   12.779914   15.530839     1.365314    33.875802
   14   10.336625    4.064838   17.846535   12.509892     0.935626    28.161701
   15    5.426642    8.104818   10.206382   14.616722     1.342792   110.427972
   16    5.555322    3.305600   14.875270   14.724406     1.047853    27.237053
   17    8.528432    5.754231   12.656400    6.432401     1.196499    27.984195
   18    8.579758    1.425003   17.428443    3.044466     0.326842    11.782139
   19    3.848294    7.973172   12.472583    8.804518     1.156567    45.180287
   20    3.865219    3.504761   17.169604    3.490477     0.374431    18.182599
   21    3.808536    5.542646   14.994109    2.680776     0.775204     9.966730
   22    3.900625    0.738914    9.999991    4.124931     1.011831    86.155280
   23    9.917741    6.006189   15.468190    2.642377     0.815058     9.873136
   24   10.191130    1.104698   10.137364    3.241492     1.039428   120.581891
   25    6.829461    7.994243   12.666691    2.352206     1.018958     8.100759
   26    6.820220    3.707824   17.398484    1.979172     0.620889     6.262220
   27   11.973625    6.460951   17.624958    2.166678     0.698999     7.495622
   28   11.667722    1.053719   12.575460    2.847958     1.029160    11.224338
   29   11.739195    3.338683   10.411998    3.664914     1.022222    41.097096
   30   11.549660    8.139833   15.051149    2.570943     0.786744     8.882326
   31    7.185216    3.246443   12.753911    2.456617     0.996409     8.452007
   32    7.118205    8.761754   17.743768    2.057088     0.667550     6.372489
   33    6.842489    5.754700   14.893168    2.542079     0.776988     8.860810
   34    6.877950    0.975596   10.086963    3.363047     1.067629    46.586893
   35    5.510840    5.550116   12.484201    2.565556     1.024846     9.326093
   36    5.519613    1.163605   17.659065    2.231867     0.701198     8.119047
   37    3.512493    3.500189   12.835184    3.125820     0.913881    13.262437
   38    3.241638    8.914289   17.565206    3.456559     0.658886    16.783524
   39    3.467984    5.872372   10.408678    3.059225     1.017027    52.162754
   40    3.485433    1.233196   15.127166    2.212432     0.919904    11.527713
   41   11.917713    8.216330   10.245331    3.282543     1.014261   128.775706
   42   11.774409    3.763012   15.361551    1.947197     0.768644    10.468052
   43    5.241349    3.365426   10.326797    3.911952     1.191189    57.414799
   44    5.225925    8.249739   15.056405    2.129158     0.842833    10.763897
   45    5.147538    6.487617   17.994917    0.887496     0.505313     7.442908
   46    5.289300    0.990641   12.608489    2.012488     1.078869    10.168442
   47    1.605381    5.844912   12.851228    2.361452     0.898766    12.586298
   48    1.385839    1.645856   17.660808    3.086916     0.637057    30.796868
   49   13.720383    5.671346   10.182924    4.554556     1.310148    95.796581
   50   13.608629    0.834224   15.129655    3.445092     0.682328    20.019524
   51    1.634563    8.339874   10.364529    3.468388     1.145277    59.639550
   52    1.259225    3.654120   15.270569    3.238607     0.740086    18.754386
   53   13.768321    3.161195   12.533081    2.813967     1.025813    15.518386
   54    0.487051    8.348741   17.891984    1.600637     0.633848    13.758918
   55    1.994408    3.173132   10.176672    4.023682     1.157991    84.908968
   56    2.031577    8.111379   15.098203    2.536150     0.789574    12.984881
   57   13.480500    8.379299   12.868849    2.813077     1.090503    15.141856
   58   13.276863    4.050625   18.104295    1.590291     0.553730    12.686347
   59    2.078111    5.948266   17.451679    1.514838     0.606752     8.365405
   60    2.027281    0.877369   12.468157    3.105973     1.074252    17.199320
   61   10.071705    5.794020   10.146631    2.719256     0.977231    73.636219
   62   10.096769    1.051519   14.868963    1.871097     0.675322     9.072204
   63   11.970513    5.661810   12.676594    2.260392     1.052594    11.956419
   64   12.171753    1.072714   18.078734    1.848962     0.568170    15.203715
   65    5.138353    8.643288   18.263852    7.616735     1.057178    46.568604
   66   13.647491    2.226430   19.059649    7.733212     1.237704   151.091521
   67    3.489536    1.410273   17.531928    7.811368     1.101192    21.507891
   68    0.122524    6.154304   18.224156    7.724615     1.085365    30.464447
   69    3.711035    5.127442   18.518182    7.682042     1.151541    88.098709
   70    5.354742    2.991741   18.449440    7.537385     1.054694   106.575539
   71   10.161687    0.635273   18.514530    7.530436     0.867267    55.823694
   72    7.183343    0.848590   18.744932    7.614644     1.059662    91.754808
   73    2.331765    7.663819   18.759040    7.603708     1.027387   388.788005
   74    8.530305    3.281928   18.375277    7.406424     0.846795    43.992068
   75    6.821983    5.484570   18.592539    7.726188     1.101243    80.635899
   76   11.654171    5.028995   19.000202    7.405245     0.804777   148.843103
   77   12.104825    8.377310   18.321916    7.550338     0.976752    43.502042
   78    8.444358    7.731994   18.703355    7.517888     0.843438    89.294458
   79    9.955062    6.129542   17.607945    7.646702     0.930309    13.935887
   80    3.746152    7.112311   16.417182    7.764852     1.113480    13.000481
   81   13.444653    2.575925   16.464983    7.904509     1.212485    14.267233
   82    1.697044    5.907043   15.184068    7.979526     1.138782    14.269384
   83   11.730079    0.356535   16.128385    7.724812     1.106568    13.665324
   84    3.408327    3.485307   14.993473    7.813306     0.950738    12.117788
   85    6.762794    7.174614   16.490405    7.766797     1.037908    12.823512
   86    8.205040    4.963172   16.299810    7.942494     1.091453    13.310310
   87    5.318028    4.953350   16.393088    7.610650     0.989007    11.507811
   88   13.601839    7.960595   15.761109    7.879569     1.134033    14.829337
   89   10.144473    2.607546   16.419838    7.708325     0.851324    12.780480
 --------------------------------------------------------------------------------
    VACUUM CHARGE:               0.0000
    VACUUM VOLUME:               0.0000
    NUMBER OF ELECTRONS:       494.0000
