    #         X           Y           Z        CHARGE     ATOM    DISTANCE
  -------------------------------------------------------------------------
    1     13.3615      0.1594     10.4558      1.6853       6      1.0022
    2      1.6394      8.3689     10.2088      3.5664      51      0.1585
    3     13.5254      8.3689     12.8433      3.4691      57      0.0527
    4      0.6558      9.4051     13.9136      0.6364      57      1.7435
    5     13.6894      1.0362     14.9839      2.8767      50      0.0197
    6      1.3116      1.5941     17.6184      3.8867      48      0.1077
    7     13.6894      8.3689     17.6184      1.6218      54      0.1709
    8     13.4435      2.1520     18.6887      7.7903      66      0.0260
    9     13.0336      1.9129     10.9498      3.4434       6      1.0191
   10     11.6401      1.0362     12.5963      2.8722      28      0.0389
   11      0.0000      3.1882     12.5140      2.9557      53      0.0332
   12     13.3615      2.7099     14.2429      0.8349      53      1.8146
   13      0.0000      5.6590     10.0441      4.1767      49      0.1484
   14      1.9673      3.1882     10.0441      4.0682      55      0.1361
   15     13.2795      4.1446     18.1124      2.0821      58      0.1821
   16     11.7220      3.3476     10.3735      3.6226      29      0.0431
   17     13.4435      5.1808     15.5602      1.0605       5      0.9903
   18     11.9680      5.6590     12.6787      2.6237      63      0.0043
   19     11.9680      3.5867     15.1486      2.2823      42      0.0361
   20     13.0336      5.2605     15.4779      0.1188       5      0.9704
   21     12.6237      6.6154     15.6425      1.5067       5      1.0041
   22      1.8034      5.8981     17.7008      2.5111      59      0.0684
   23     13.4435      6.2966     18.1947      7.7347      68      0.0377
   24      0.1639      6.6154     14.5722      1.0530       5      0.9961
   25      0.0000      6.9342     15.7249      0.7306       5      0.9924
   26     12.7057      6.7748     15.6425      0.8381       5      1.0324
   27      0.4918      7.8110     17.1244      0.8704      54      0.7767
   28      1.8034      7.8907     18.6887      7.6412      73      0.0287
   29     11.8860      8.2095     10.1265      3.2038      41      0.1232
   30      1.5575      3.8258     15.3132      2.3641      52      0.0339
   31      1.5575      5.8184     12.8433      2.5762      47      0.0553
   32      2.0493      0.8767     12.5140      2.7114      60      0.0509
   33      1.8854      7.9704     15.0662      2.3607      56      0.0268
   34      2.7871      4.7822     13.9136      0.8623      21      1.5692
   35      3.1149      8.6877     17.6184      3.5160      38      0.0853
   36      3.4428      3.1882     17.9477      1.4335      20      0.6146
   37      3.3609      3.6664     17.1244      1.1168      20      0.6455
   38      3.3609      7.7313     12.1024      1.6804      19      0.6581
   39      3.4428      5.8184     10.2911      3.2186      39      0.1318
   40      3.6888      8.6080     12.5140      1.4696      19      0.6559
   41      3.6068      1.9926     13.2550      0.6276      37      1.5678
   42      3.4428      1.2753     15.1486      2.3722      40      0.0593
   43      3.4428      7.9704     12.9257      1.8405      19      0.6080
   44      5.2462      3.3476     10.2088      4.0857      43      0.1194
   45      3.8527      0.7173      9.9618      4.0314      22      0.0650
   46      3.5248      3.5070     12.8433      2.9021      37      0.0163
   47      3.7707      5.7387     14.6546      3.1240      21      0.0741
   48      3.5248      5.0214     18.5240      7.8499      69      0.0781
   49      5.3282      3.5867     15.0662     15.4486      16      0.0458
   50      3.4428      1.1956     17.5361      7.7863      67      0.0355
   51      4.0166      2.8693     16.9598      0.7189      20      0.7300
   52      4.3445      8.2095     12.9257      1.7997      19      0.7123
   53      4.2626      8.0501     11.8554      1.1716      19      0.7473
   54      5.4102      8.1298     10.2088     14.5927      15      0.0300
   55      4.9183      6.2169     17.4538      2.5435      45      0.1690
   56      5.1643      8.4486     15.1486      2.2350      44      0.0664
   57      4.4265      3.7461     17.2068      1.2348      20      0.7917
   58      4.0986      7.3328     12.5140      1.0825      19      0.6888
   59      5.4921      2.7099     18.4417      7.6516      70      0.0216
   60      5.4921      5.5793     12.5140      2.6210      35      0.0457
   61      3.7707      7.9704     12.5140      0.0754      19      0.0880
   62      5.0823      8.3689     17.4538      7.7696      65      0.0427
   63      5.3282      1.0362     12.5963      2.1146      46      0.0611
   64      5.4921      0.8767     17.5361      2.2203      36      0.0549
   65      7.0496      1.3550     15.0662     14.6776      10      0.0435
   66      6.8857      0.9564     10.0441      3.4018      34      0.0475
   67      6.9676      0.1594     18.6064      7.6692      72      0.0821
   68      8.1153      5.7387     13.2550      1.3123      17      0.7275
   69      7.1316      5.8184     10.1265     14.2192       9      0.0319
   70      7.2136      3.2679     12.7610      2.4815      31      0.0362
   71      8.4431      8.2892     14.9839     14.3309      12      0.0180
   72      6.9676      5.9778     17.7831      7.8832      75      0.0599
   73      6.8037      5.9778     14.8192      2.3772      33      0.0415
   74      8.5251      3.2679     10.2088     14.4080      11      0.0185
   75      6.8857      3.7461     17.4538      2.0940      26      0.0450
   76      6.8037      8.0501     12.6787      2.3546      25      0.0627
   77      7.1316      8.0501     17.5361      2.3029      32      0.0495
   78      8.1153      5.7387     12.0200      0.6944      17      0.7589
   79      8.2792      6.3763     12.5963      0.8383      17      0.6728
   80      8.1153      5.1808     12.6787      0.7743      17      0.7072
   81      8.8530      1.7535     12.6787      1.6996       4      1.0394
   82      7.5415      1.0362     12.3494      0.2438       4      1.0069
   83      8.0333      1.1159     17.0421      0.8483      18      0.7320
   84      7.5415      3.9055     15.3132      0.0534       2      1.0134
   85      8.4431      2.9490     18.4417      7.8501      74      0.0482
   86      8.0333      3.0288     14.7369      0.5820       2      1.0192
   87      7.6234      4.0649     15.4779      0.2349       2      1.0077
   88      8.5251      4.3040     14.1606      0.7825       2      1.0438
   89      8.6071      4.3837     16.0542      1.1869       2      1.1021
   90      9.0170      7.0140     17.1244      1.8184       3      1.0928
   91      8.6891      0.3188     17.4538      0.6247      18      0.7599
   92     10.0826      3.7461     17.5361     14.8671      14      0.0443
   93      8.3612      7.2531     10.2911      2.2042       1      1.0711
   94      7.6234      8.5283     10.3735      0.1767       1      0.9809
   95      7.7054      8.7674     10.3735      0.4619       1      0.9902
   96      9.0170      9.4848     12.6787      0.9147       4      1.0403
   97      8.6071      0.0000     11.7731      0.5539       4      1.0447
   98      8.6071      4.0649     14.0783      1.0868       2      1.0455
   99      8.2792      9.2457     10.3735      1.1064       1      0.9946
  100     10.0006      8.3689     17.2891     14.8976       8      0.0157
  101      8.6891      1.0362     18.1124      0.3600      18      0.5589
  102     10.0006      3.2679     12.6787     15.2825       7      0.0370
  103      8.9350      5.2605     12.5140      0.4857      17      0.6553
  104     10.2465      8.0501     12.7610     15.6674      13      0.0350
  105      8.8530      5.7387     13.2550      0.8480      17      0.6811
  106      8.8530      6.3763     12.5963      0.6391      17      0.7042
  107      8.5251      1.1159     17.7008      0.0736      18      0.1395
  108      8.5251      5.7387     12.6787      0.0827      17      0.0274
  109      8.9350      5.6590     12.1024      0.8419      17      0.6938
  110     11.3122      4.7025     18.7710      7.4168      76      0.0467
  111     10.2465      0.3985     18.6887      7.5768      71      0.0807
  112      9.0170      1.6738     12.6787      0.6095       4      1.0353
  113      9.0170      1.3550     17.2891      0.7343      18      0.6432
  114     10.0826      5.8184      9.9618      2.6015      61      0.1867
  115     10.1646      1.1159     10.1265      3.2329      24      0.0308
  116     10.0006      1.2753     14.9839      2.1254      62      0.0213
  117      9.3448      5.7387     10.7028      0.1532      61      0.9169
  118     10.2465      6.0575     14.8192      2.8628      23      0.0447
  119     11.4761      6.2169     17.4538      2.4429      27      0.0285
  120     11.8040      1.2753     17.7831      2.1608      64      0.1326
  121     11.7220      8.3689     15.2309      2.8151      30      0.0310
  -------------------------------------------------------------------------
