    #         X           Y           Z        CHARGE     ATOM    DISTANCE
  -------------------------------------------------------------------------
    1     13.3615      0.1594     10.4558      1.6943       6      1.0022
    2      1.6394      8.3689     10.2088      3.5537      51      0.1585
    3     13.5254      8.3689     12.8433      3.9938      57      0.0527
    4     13.6894      1.0362     14.9016      2.8273      50      0.0609
    5      1.3935      1.5144     17.6184      2.9824      48      0.1063
    6      0.2459      8.2095     17.8654      1.4679      54      0.1588
    7     13.5254      1.9926     18.8534      7.7189      66      0.0701
    8     13.0336      1.9129     10.9498      3.4357       6      1.0191
    9     11.8860      8.3689     15.3955      3.9629      30      0.0186
   10     11.6401      1.0362     12.5963      2.9410      28      0.0389
   11     13.6074      2.6302     16.3012      7.9480      81      0.0261
   12      0.0000      3.1882     12.5963      3.0504      53      0.0688
   13     11.7220      3.3476     10.3735      3.6559      29      0.0431
   14     13.3615      3.9055     18.1124      1.6350      58      0.0923
   15      1.9673      3.1882     10.0441      4.0370      55      0.1361
   16     13.6894      5.6590     10.0441      3.8349      49      0.1427
   17     11.9680      3.5867     15.1486      2.2413      42      0.0459
   18     13.2795      5.3402     14.6546      0.9314       5      0.9676
   19     13.4435      5.2605     11.8554      0.6008      63      1.7335
   20     11.9680      5.6590     12.6787      2.5477      63      0.0043
   21      0.3279      5.3402     15.3955      0.4644       5      0.9974
   22      1.9673      5.8981     17.5361      1.7668      59      0.0941
   23      3.2789      3.7461     17.1244      1.2140      20      0.6946
   24      0.0000      6.0575     18.3594      7.6964      68      0.0205
   25      0.1639      6.6154     14.4076      1.9728       5      1.0156
   26     12.7057      6.4560     15.7249      1.8492       5      1.0273
   27     11.9680      6.2169     17.5361      2.4268      27      0.0551
   28      0.6558      5.8981     15.3955      0.0757       5      0.9661
   29      0.9017      7.6516     17.2068      0.7568      54      0.9549
   30      2.2133      7.6516     18.7710      7.5967      73      0.0499
   31     11.8860      8.2095     10.1265      3.2014      41      0.1232
   32      1.8854      8.1298     15.0662      2.1743      56      0.0314
   33      3.2789      8.6877     17.6184      2.8557      38      0.1164
   34      2.0493      0.8767     12.4317      2.5047      60      0.0426
   35      1.5575      3.6664     15.3132      2.3083      52      0.0552
   36      3.7707      5.6590     14.8192      3.8336      21      0.0657
   37      1.5575      5.8184     12.8433      2.3970      47      0.0553
   38      3.8527      2.7896     17.2068      1.3668      20      0.5843
   39      3.3609      3.1882     17.8654      1.1260      20      0.6028
   40      3.4428      5.8184     10.2911      3.1709      39      0.1318
   41      3.3609      7.8110     12.0200      1.6525      19      0.6846
   42      3.4428      7.9704     12.9257      1.6100      19      0.6080
   43      3.6068      8.6080     12.5140      1.4982      19      0.6805
   44      5.2462      3.3476     10.2088      4.0790      43      0.1194
   45      3.8527      0.7173      9.9618      3.9686      22      0.0650
   46      3.5248      1.2753     15.1486      2.2633      40      0.0211
   47      3.6888      1.8332     13.3373      0.7691      37      1.7499
   48      3.5248      3.5070     12.8433      2.7862      37      0.0163
   49      5.3282      3.5070     15.1486     15.4100      16      0.0479
   50      3.6888      5.1011     18.4417      7.7920      69      0.0630
   51      5.0823      8.2892     15.1486      2.7366      44      0.0660
   52      3.4428      7.0140     16.2188      7.8389      80      0.0466
   53      3.4428      1.1956     17.5361      7.7796      67      0.0497
   54      5.4102      8.1298     10.2088     14.5898      15      0.0300
   55      4.3445      3.6664     17.0421      1.3838      20      0.7884
   56      4.1806      8.0501     11.7731      1.1844      19      0.7783
   57      4.3445      8.1298     12.9257      1.7275      19      0.6900
   58      4.0986      7.3328     12.5140      1.0866      19      0.6888
   59      5.4102      2.7099     18.5240      7.6387      70      0.0510
   60      5.4921      5.5793     12.5140      2.6291      35      0.0457
   61      3.6888      7.9704     12.5963      0.0782      19      0.2019
   62      5.3282      1.0362     12.5963      2.1528      46      0.0611
   63      5.1643      6.2169     17.5361      1.6327      45      0.1264
   64      5.2462      8.4486     17.5361      7.7083      65      0.0690
   65      6.8857      0.9564     10.0441      3.4878      34      0.0475
   66      5.4921      0.9564     17.5361      2.2088      36      0.0176
   67      7.0496      1.2753     15.0662     14.6058      10      0.0167
   68      7.0496      0.5579     18.6064      7.5954      72      0.0557
   69      7.1316      5.8184     10.1265     14.2499       9      0.0319
   70      6.8857      6.0575     14.8192      2.7250      33      0.0410
   71      8.5251      8.2892     14.9839     14.3972      12      0.0624
   72      8.1972      5.7387     13.2550      1.5702      17      0.6843
   73      7.2136      3.2679     12.7610      2.5102      31      0.0362
   74      6.8857      5.2605     18.3594      7.8215      75      0.0306
   75      6.8857      3.5070     17.6184      1.9197      26      0.0386
   76      8.5251      3.2679     10.2088     14.4134      11      0.0185
   77      6.8037      8.0501     12.6787      2.3528      25      0.0627
   78      8.3612      7.4125     18.5240      7.5168      78      0.0500
   79      7.2136      8.4486     17.3714      2.0976      32      0.0421
   80      8.1153      5.1808     12.5963      0.9304      17      0.7094
   81      7.6234      6.3763     16.4658      1.5776       3      0.9976
   82      8.1153      5.7387     12.0200      0.5006      17      0.7589
   83      8.2792      6.3763     12.5963      0.6757      17      0.6728
   84      7.7874      1.3550     12.8433      1.1563       4      1.0014
   85      8.2792      0.4782     17.3714      0.7586      18      0.7908
   86      9.0170      1.6738     17.4538      1.5450      18      0.6200
   87      7.8693      3.1085     14.8192      1.0459       2      1.0017
   88      9.2629      3.9852     15.8895      1.1832       2      1.0697
   89      8.3612      4.3837     14.3253      0.7363       2      1.0172
   90      8.6071      3.7461     14.0783      0.2978       2      1.0638
   91      8.6071      3.0288     18.4417      7.4407      74      0.0518
   92      8.3612      7.2531     10.2911      1.1624       1      1.0711
   93      7.6234      7.9704     10.3735      0.2361       1      1.0076
   94      7.6234      8.5283     10.3735      0.1836       1      0.9809
   95      7.7054      8.7674     10.3735      0.4666       1      0.9902
   96      9.0170      9.4848     12.7610      0.9396       4      1.0623
   97      8.6071      0.0797     11.6907      0.6296       4      1.0424
   98      8.2792      9.2457     10.3735      1.0860       1      0.9946
   99      8.8530      1.7535     12.6787      0.7059       4      1.0394
  100     10.0006      3.2679     12.6787     15.3324       7      0.0370
  101     10.2465      8.0501     12.7610     15.2686      13      0.0350
  102      8.6891      3.5867     14.1606      0.6416       2      1.0124
  103      8.9350      5.1808     12.5963      0.4468      17      0.7055
  104     10.0006      8.1298     17.5361     12.4635       8      0.0381
  105      8.8530      1.1159     18.0301      0.2908      18      0.5900
  106      9.4268      7.8110     10.5381      0.8219       1      0.9894
  107      8.8530      6.3763     12.5963      0.7443      17      0.7042
  108     10.2465      3.7461     17.5361     13.1476      14      0.0280
  109      8.6071      5.7387     12.6787      0.0775      17      0.0832
  110      8.6891      1.1956     17.5361      0.0780      18      0.0828
  111      9.9187      5.9778     17.2891      7.7237      79      0.0361
  112      8.9350      5.6590     12.1024      0.9876      17      0.6938
  113      8.8530      5.7387     13.1727      0.5783      17      0.6100
  114      9.1809      0.9564     17.0421      0.8175      18      0.6826
  115      9.0170      1.6738     12.6787      0.5529       4      1.0353
  116     10.1646      0.3188     18.6064      7.5708      71      0.0600
  117     10.1646      1.1159     10.1265      3.2370      24      0.0308
  118     10.2465      6.0575     15.1486      2.6758      23      0.0333
  119     10.0826      5.8184      9.9618      2.5992      61      0.1867
  120     10.0826      1.2753     14.9016      2.1862      62      0.0569
  121      9.2629      5.7387     10.7028      0.1414      61      0.9831
  122     11.4761      4.7025     18.7710      7.4091      76      0.0285
  123     11.8860      1.1159     17.7008      1.9838      64      0.1136
  124     12.0499      8.3689     17.6184      7.6776      77      0.0647
  -------------------------------------------------------------------------
