    #         X           Y           Z        CHARGE     ATOM    DISTANCE
  -------------------------------------------------------------------------
    1     13.3615      0.1594     10.4558      1.6734       6      1.0022
    2      1.6394      8.3689     10.2088      3.5527      51      0.1585
    3     13.5254      8.3689     12.8433      3.3237      57      0.0527
    4      0.7378      9.2457     13.9959      0.7678      57      1.7547
    5     13.6894      1.1159     15.0662      2.4876      50      0.0479
    6      0.0000      8.3689     17.3714      3.4810      54      0.0951
    7      1.3935      1.7535     17.7831      3.8134      48      0.1160
    8     11.8860      1.4347     17.7008      3.1700      64      0.1279
    9      2.0493      0.8767     12.4317      2.5865      60      0.0426
   10     13.0336      1.9129     10.9498      3.4792       6      1.0191
   11     13.4435      2.3911     18.6887      7.8139      66      0.0465
   12      1.3935      7.6516     16.5481      0.9667      56      1.6997
   13     11.7220      1.0362     12.5963      2.9890      28      0.0608
   14     10.2465      8.0501     12.7610     15.6278      13      0.0350
   15      0.0000      3.1882     12.5140      3.4485      53      0.0332
   16      1.9673      3.1882     10.0441      4.1501      55      0.1361
   17      1.5575      3.7461     15.2309      2.3491      52      0.0433
   18     13.3615      4.3040     17.9477      2.4680      58      0.1818
   19      0.0000      5.6590     10.0441      4.4490      49      0.1484
   20     11.7220      3.3476     10.3735      3.6946      29      0.0431
   21     13.5254      5.2605     15.8072      2.2286       5      0.9903
   22      2.0493      6.0575     17.2891      3.0294      59      0.0899
   23     11.9680      5.6590     12.6787      2.4350      63      0.0043
   24     11.9680      3.6664     15.0662      2.3310      42      0.0694
   25     12.9516      6.8545     15.8895      3.6227       5      1.0404
   26      1.6394      5.8184     12.8433      2.4578      47      0.0439
   27     11.8860      8.2095     10.1265      3.1998      41      0.1232
   28      3.5248      3.5070     12.8433      4.5865      37      0.0163
   29      1.8854      8.1298     14.9016      2.4608      56      0.0856
   30      3.3609      3.9852     16.9598      2.2517      20      0.7107
   31      3.6068      3.5070     17.6184      2.7047      20      0.5378
   32      3.2789      8.8471     17.4538      3.8607      38      0.0791
   33      3.3609      1.2753     15.2309      2.2979      40      0.0578
   34      3.3609      7.8110     12.0200      1.9024      19      0.6846
   35      3.5248      3.1085     16.7951      1.0848      20      0.6932
   36      3.4428      7.9704     12.9257      1.6498      19      0.6080
   37      3.4428      5.8184     10.2911      3.0592      39      0.1318
   38      3.8527      5.6590     14.9839      2.7340      21      0.0139
   39      3.6888      8.6080     12.5140      1.5010      19      0.6559
   40      3.8527      0.7173      9.9618      4.0232      22      0.0650
   41      5.2462      3.3476     10.2088      4.0440      43      0.1194
   42      3.5248      1.3550     17.6184      7.7895      67      0.0317
   43      4.2626      8.0501     11.8554      1.1638      19      0.7473
   44      5.4102      8.1298     10.2088     14.5797      15      0.0300
   45      5.4102      3.5070     14.9839     15.4986      16      0.0284
   46      4.4265      3.6664     16.5481      1.5093      20      0.8232
   47      4.0986      7.3328     12.5140      1.0459      19      0.6888
   48      5.3282      6.2966     17.6184      2.1799      45      0.1672
   49      5.1643      8.3689     15.1486      2.0969      44      0.0231
   50      4.3445      8.2095     12.9257      1.7568      19      0.7123
   51      3.7707      7.9704     12.5140      0.0782      19      0.0880
   52      5.4921      5.5793     12.5140      2.5956      35      0.0457
   53      5.4921      6.6154     16.4658      1.2922      45      1.0645
   54      6.8857      0.9564     10.0441      3.4276      34      0.0475
   55      5.3282      1.0362     12.5963      2.1043      46      0.0611
   56      5.3282      8.6080     17.5361      7.7656      65      0.0440
   57      5.4921      1.1159     17.2891      2.5873      36      0.0818
   58      7.1316      1.2753     14.9016     14.6371      10      0.0552
   59      7.1316      5.8184     10.1265     14.2428       9      0.0319
   60      8.2792      6.3763     12.6787      1.1486      17      0.6705
   61      8.2792      1.5144     16.4658      0.6878      18      0.8435
   62      7.2136      3.2679     12.7610      2.4815      31      0.0362
   63      6.8857      5.9778     14.9839      2.3859      33      0.0238
   64      8.3612      0.9564     17.2891      0.9907      18      0.6632
   65      8.1972      5.7387     13.2550      0.8019      17      0.6843
   66      8.5251      8.3689     14.8192     14.3877      12      0.0378
   67      6.8857      3.6664     17.3714      2.6719      26      0.0751
   68      8.5251      3.2679     10.2088     14.4267      11      0.0185
   69      6.8037      8.0501     12.6787      2.3682      25      0.0627
   70      7.2955      8.6080     17.2891      2.5186      32      0.0728
   71      8.5251      7.1734     17.2891      1.2582       3      1.0149
   72      8.2792      2.0723     17.2891      1.1357      18      0.6541
   73      7.5415      6.1372     17.2891      1.3228       3      0.9466
   74      7.6234      6.6154     17.3714      0.0967       3      0.9713
   75      8.1153      5.1808     12.5963      0.8025      17      0.7094
   76      8.1972      5.7387     12.0200      0.6924      17      0.7176
   77      7.8693      1.2753     13.0903      1.5217       4      1.0338
   78      8.7710      1.5941     17.7008      1.0252      18      0.4978
   79      8.9350      9.4848     12.8433      0.8829       4      1.0549
   80      7.5415      3.6664     15.3132      0.5245       2      1.0496
   81      7.7874      3.1085     14.7369      0.3765       2      1.0576
   82      8.3612      7.2531     10.2911      2.2036       1      1.0711
   83      7.6234      8.5283     10.3735      0.1747       1      0.9809
   84      7.7054      8.7674     10.3735      0.1776       1      0.9902
   85      8.7710      3.5070     14.0783      0.9890       2      1.0583
   86      8.6071      4.5431     14.4899      0.5113       2      1.0122
   87      8.6071      0.0797     11.6907      0.5978       4      1.0424
   88      7.8693      9.0066     10.2911      0.1810       1      1.0075
   89     10.1646      3.9055     17.2891     16.6289      14      0.0423
   90      8.2792      9.2457     10.3735      1.1050       1      0.9946
   91     10.0006      3.2679     12.6787     15.3699       7      0.0370
   92     10.0006      8.6877     17.1244     14.9141       8      0.0513
   93      8.1153      9.1660     10.3735      0.1057       1      0.9841
   94      8.8530      1.7535     12.6787      0.9148       4      1.0394
   95      8.8530      5.7387     13.2550      0.9787      17      0.6811
   96      8.9350      5.1808     12.5963      0.5459      17      0.7055
   97      9.3448      5.5793     17.2891      1.4132       3      1.0453
   98     10.0826      5.8184      9.9618      2.6126      61      0.1867
   99      9.0170      2.1520     17.2068      0.6773      18      0.7050
  100      9.0989      0.9564     17.2068      0.8123      18      0.7345
  101      8.8530      6.3763     12.5963      0.5780      17      0.7042
  102      8.5251      5.7387     12.6787      0.0811      17      0.0274
  103      8.9350      5.7387     12.1024      0.8601      17      0.6874
  104     10.1646      1.1159     10.1265      3.2317      24      0.0308
  105      9.0989      1.5144     16.5481      0.6082      18      0.8021
  106     10.0826      6.0575     14.9839      2.4917      23      0.0216
  107      9.3448      5.8184     10.7851      0.1436      61      0.9678
  108     10.1646      1.2753     14.8192      2.1727      62      0.0768
  109     11.4761      6.2966     17.2891      3.3733      27      0.0519
  110     11.2302      4.8619     13.9959      0.2299      63      1.7113
  111     11.7220      8.2892     15.2309      2.6983      30      0.0269
  -------------------------------------------------------------------------
