    #         X           Y           Z        CHARGE     ATOM    DISTANCE
  -------------------------------------------------------------------------
    1     13.3615      0.1594     10.4558      1.6192       6      1.0022
    2      1.6394      8.3689     10.2088      3.5678      51      0.1585
    3     13.5254      8.3689     12.9257      2.9975      57      0.0732
    4     13.5254      0.7970     15.2309      2.5669      50      0.0349
    5     12.2958      1.2753     18.1947      2.0455      64      0.0895
    6      0.3279      8.3689     17.8654      1.7049      54      0.0997
    7      0.0820      2.3114     19.1827      7.7045      66      0.0491
    8     13.0336      1.9129     10.9498      3.5760       6      1.0191
    9     13.6074      2.6302     16.5481      7.8859      81      0.0305
   10      0.0000      3.1882     12.5140      2.8090      53      0.0332
   11     11.7220      1.0362     12.5963      2.7534      28      0.0608
   12     11.9680      3.5070     15.2309      2.5209      42      0.1162
   13      1.3935      3.6664     15.3132      2.9655      52      0.0427
   14     13.6894      5.6590     10.0441      3.8680      49      0.1427
   15     11.7220      3.3476     10.3735      3.7110      29      0.0431
   16      1.9673      3.1882     10.0441      3.8899      55      0.1361
   17     13.6074      4.1446     18.1947      1.4170      58      0.0639
   18     13.1975      6.2966     14.0783      2.7493       5      0.9809
   19     13.3615      5.1011     11.9377      0.6527      63      1.6719
   20     11.8860      4.8619     19.3473      7.3693      76      0.0376
   21      1.6394      5.8184     12.9257      2.6064      47      0.0861
   22     12.2958      5.4996     16.5481      7.8107      93      0.0549
   23      0.1639      6.2169     18.3594      7.7011      68      0.0504
   24      1.5575      5.9778     15.3132      7.9880      82      0.0456
   25     13.6074      8.0501     15.4779      7.9001      88      0.0419
   26     11.8860      8.2095     10.1265      3.3444      41      0.1232
   27     12.2139      8.5283     18.6887      7.5317      77      0.0590
   28      2.2133      7.8110     18.9357      7.5597      73      0.0770
   29      1.9673      0.8767     12.4317      2.4380      60      0.0702
   30      1.5575      1.6738     17.7831      2.2637      48      0.0741
   31      2.1313      5.9778     17.6184      1.6404      59      0.0513
   32      1.5575      7.8110     16.8775      0.1732      54      1.5983
   33      3.3609      7.8907     12.0200      1.4202      19      0.6702
   34      2.0493      8.0501     15.1486      2.6396      56      0.0862
   35      3.3609      1.2753     15.0662      3.3035      40      0.0837
   36      3.4428      3.0288     16.9598      1.5021      20      0.7456
   37      3.3609      8.9268     17.7831      2.5569      38      0.0902
   38      3.5248      4.0649     16.9598      0.8854      20      0.7668
   39      3.6888      8.6080     12.5140      1.1580      19      0.6559
   40      3.4428      7.8907     12.9257      1.8357      19      0.6136
   41      3.6068      3.5070     17.7831      0.4515      20      0.6258
   42      3.5248      3.5070     12.8433      2.8892      37      0.0163
   43      3.4428      5.8184     10.2911      3.0091      39      0.1318
   44      3.8527      0.7173      9.9618      4.1299      22      0.0650
   45      3.5248      1.3550     18.2771      7.6010      67      0.0271
   46      5.2462      3.4273     10.2088      3.7970      43      0.1333
   47      3.8527      5.1808     18.6064      7.6898      69      0.0701
   48      3.3609      9.0863     15.2309      0.6140      56      1.6172
   49      3.4428      3.5867     14.9839      7.7419      84      0.0443
   50      3.6888      5.6590     14.9839      2.6582      21      0.0303
   51      3.7707      7.1734     16.4658      7.8136      80      0.0494
   52      5.4102      8.1298     10.2088     14.6200      15      0.0300
   53      4.1806      8.0501     11.7731      1.1321      19      0.7783
   54      3.9347      8.6080     12.5963      0.6320      19      0.6526
   55      4.1806      7.4125     12.5140      1.1798      19      0.6531
   56      4.4265      3.5070     16.7128      0.2655      20      0.7267
   57      5.0003      1.9129     16.3012      7.5954      92      0.0354
   58      5.4921      3.5070     14.7369     14.2891      16      0.0345
   59      4.2626      2.9490     17.4538      0.2995      20      0.6624
   60      5.4921      3.1085     18.6064      7.4903      70      0.0482
   61      3.9347      3.4273     17.2891      0.0734      20      0.0759
   62      3.6888      7.9704     12.5963      0.0747      19      0.2019
   63      5.2462      5.0214     16.3012      7.5979      87      0.0549
   64      5.4921      5.5793     12.5140      2.4565      35      0.0457
   65      5.2462      8.2095     15.2309      2.3737      44      0.1431
   66      4.4265      3.9055     17.4538      0.3133      20      0.6639
   67      4.3445      8.0501     13.0080      1.2050      19      0.7341
   68      5.2462      8.6080     18.2771      7.6451      65      0.0210
   69      5.3282      1.0362     12.5963      2.0268      46      0.0611
   70      5.3282      6.5357     17.9477      0.9289      45      0.0898
   71      7.2136      0.7970     19.1827      7.6040      72      0.0774
   72      5.4921      1.1159     18.1124      2.0420      36      0.0591
   73      6.8037      1.1956     15.4779     13.0211      10      0.0609
   74      7.1316      5.8184     10.1265     14.2946       9      0.0319
   75      8.4431      8.2892     14.9016     13.6715      12      0.0455
   76      8.2792      5.7387     13.3373      1.5038      17      0.7253
   77      6.8857      5.8981     14.9016      2.3360      33      0.0628
   78      6.8857      0.9564     10.0441      3.3363      34      0.0475
   79      6.8037      8.0501     12.6787      2.3492      25      0.0627
   80      7.2136      3.2679     12.7610      2.4830      31      0.0362
   81      7.0496      5.5793     18.6064      7.7106      75      0.0326
   82      6.9676      7.2531     16.4658      7.7379      85      0.0310
   83      6.9676      3.3476     16.0542      7.4743      94      0.0662
   84      8.1972      6.3763     12.5963      0.8067      17      0.7073
   85      8.5251      3.2679     10.2088     14.4029      11      0.0185
   86      7.1316      3.7461     17.8654      1.7640      26      0.0301
   87      8.8530      5.7387     12.0200      1.4286      17      0.7145
   88      8.1972      1.9129     17.9477      0.6077      18      0.7368
   89      7.2136      8.7674     17.7831      2.0994      32      0.0420
   90      8.1153      5.1808     12.6787      0.8228      17      0.7072
   91      7.6234      1.0362     12.1024      1.2246       4      0.9828
   92      8.1972      0.9564     17.5361      0.7531      18      0.7253
   93      8.6891      7.7313     18.6064      7.5333      78      0.0389
   94      8.3612      5.1011     16.2188      7.8904      86      0.0568
   95      9.0170      9.4848     12.7610      1.0478       4      1.0623
   96      8.8530      3.3476     18.7710      7.3640      74      0.0617
   97      8.3612      7.2531     10.2911      1.8797       1      1.0711
   98      7.6234      8.5283     10.3735      0.1827       1      0.9809
   99      7.7054      8.7674     10.3735      0.1815       1      0.9902
  100      8.6071      0.0000     11.7731      0.4110       4      1.0447
  101      8.1153      9.1660     10.3735      0.2921       1      0.9841
  102      8.5251      3.5867     13.9959      1.9554       2      1.0426
  103      8.2792      9.2457     10.3735      1.0958       1      0.9946
  104     10.0006      3.2679     12.6787     15.2452       7      0.0370
  105      8.6891      2.0723     16.0542      7.8585      90      0.0448
  106      8.8530      1.7535     12.5963      1.2619       4      1.0235
  107      8.9350      5.1808     12.6787      0.5002      17      0.7033
  108     10.2465      8.0501     12.7610     15.3589      13      0.0350
  109      9.3448      8.1298     11.0321      0.2524       1      1.0100
  110      8.6071      5.7387     12.6787      0.0789      17      0.0832
  111      8.8530      6.3763     12.6787      0.6592      17      0.7020
  112      9.0170      1.8332     17.9477      0.5709      18      0.5818
  113      9.1809      0.7970     17.7008      0.7619      18      0.7771
  114      8.8530      5.7387     13.1727      0.4015      17      0.6100
  115      9.8367      7.4125     16.1365      7.4964      91      0.0433
  116     10.2465      8.7674     17.7008     11.7618       8      0.0141
  117     10.1646      5.8184     17.9477      7.4975      79      0.0507
  118     10.1646      1.1159     10.1265      3.2272      24      0.0308
  119      9.4268      8.0501     10.8674      0.0437       1      1.0021
  120     10.2465      1.1159     15.0662      2.0118      62      0.0631
  121     10.3285      0.8767     19.0180      7.4936      71      0.0556
  122     10.5744      3.9055     18.0301     11.4650      14      0.0430
  123     10.0826      5.8184      9.9618      2.6551      61      0.1867
  124      9.3448      5.7387     10.7028      0.0919      61      0.9169
  125     10.3285      5.6590     15.4779      2.7327      23      0.0277
  126     10.9843      2.3911     16.7951      7.5417      89      0.0290
  127     11.9680      6.5357     18.2771      1.8447      27      0.0144
  128     11.4761      8.0501     15.1486      2.5221      30      0.0596
  129     11.7220      0.0797     16.3012      7.6666      83      0.0277
  130     11.9680      5.6590     12.6787      2.1345      63      0.0043
  131     12.7877      3.7461     18.1124      0.3275      58      0.8532
  -------------------------------------------------------------------------
