    #         X           Y           Z        CHARGE     ATOM    DISTANCE
  -------------------------------------------------------------------------
    1     13.2795      0.1594     10.4558      1.5997       6      1.0160
    2      1.6394      8.3689     10.2088      3.4631      51      0.1585
    3     13.5254      8.3689     12.8433      2.8043      57      0.0527
    4      0.7378      9.4051     14.0783      0.9584      50      1.6459
    5     13.6894      0.8767     15.0662      2.6845      50      0.0481
    6      1.3935      1.6738     17.7008      3.2647      48      0.1073
    7      0.3279      8.2892     17.9477      1.4445      54      0.0993
    8     13.5254      2.0723     19.0180      7.7208      66      0.0638
    9     13.0336      1.9129     10.9498      3.5692       6      1.0191
   10     13.5254      2.6302     16.3835      7.9392      81      0.0172
   11      0.0000      3.1882     12.5140      2.6332      53      0.0332
   12      1.3116      3.7461     15.2309      3.1809      52      0.0706
   13     13.4435      3.9852     18.1947      1.3593      58      0.1524
   14      1.9673      3.1882     10.0441      4.0708      55      0.1361
   15     13.6894      5.6590     10.0441      4.5500      49      0.1427
   16     11.7220      3.3476     10.3735      3.6693      29      0.0431
   17     13.2795      5.1808     15.2309      1.8393       5      0.9682
   18     11.6401      4.8619     18.9357      7.4124      76      0.0210
   19      1.6394      5.8184     12.8433      2.3706      47      0.0439
   20     13.2795      6.3763     14.0783      1.9923       5      0.9944
   21      0.0820      6.1372     18.2771      7.7264      68      0.0549
   22     11.9680      6.3763     17.6184      2.2300      27      0.0715
   23      1.7214      5.8981     15.1486      7.9836      82      0.0354
   24     13.6074      7.8907     15.8072      7.8914      88      0.0323
   25      2.2952      7.6516     18.7710      7.6135      73      0.0424
   26     11.8860      8.2095     10.1265      3.2475      41      0.1232
   27      3.5248      4.0649     16.7951      0.9993      20      0.7448
   28      2.0493      5.9778     17.4538      1.5348      59      0.0255
   29      2.0493      0.8767     12.5140      2.4324      60      0.0509
   30      1.3116      2.4708     11.6907      0.1153      53      1.7071
   31      1.9673      8.0501     15.0662      2.4884      56      0.1035
   32      3.2789      8.9268     17.6184      3.3608      38      0.0890
   33      3.3609      3.1882     16.7951      0.9933      20      0.6825
   34      3.3609      3.5867     17.6184      0.5814      20      0.6351
   35      3.3609      7.8907     12.0200      1.1651      19      0.6702
   36      3.9347      8.6080     12.5963      1.7933      19      0.6526
   37      4.1806      7.4125     12.5963      1.6580      19      0.6634
   38      3.4428      7.8907     12.9257      1.6182      19      0.6136
   39      3.4428      5.8184     10.2911      3.0830      39      0.1318
   40      3.4428      1.2753     15.1486      2.2181      40      0.0698
   41      3.8527      0.7173      9.9618      4.1182      22      0.0650
   42      3.5248      3.5070     12.8433      3.1641      37      0.0163
   43      5.2462      3.3476     10.2088      3.8692      43      0.1194
   44      3.5248      1.6738     13.3373      0.6129      40      1.8661
   45      3.6888      5.1011     18.5240      7.6881      69      0.0400
   46      3.4428      1.4347     17.5361      7.8093      67      0.0443
   47      3.4428      3.5070     14.9839      7.8045      84      0.0177
   48      3.7707      5.5793     14.9839      2.7005      21      0.0520
   49      3.7707      7.0937     16.3835      7.7652      80      0.0571
   50      5.4102      8.1298     10.2088     14.6202      15      0.0300
   51      4.2626      8.0501     11.8554      1.1457      19      0.7473
   52      4.0166      2.9490     17.4538      0.2769      20      0.6471
   53      5.3282      3.0288     18.5240      7.5361      70      0.0763
   54      3.7707      3.4273     17.2068      0.0834      20      0.0944
   55      4.3445      7.9704     13.0080      1.2923      19      0.7300
   56      5.4921      5.5793     12.5140      2.5994      35      0.0457
   57      3.6888      7.9704     12.5963      0.0776      19      0.2019
   58      5.0823      8.6877     18.2771      7.6170      65      0.0601
   59      4.4265      3.2679     16.7128      0.5929      20      0.8057
   60      5.5741      3.2679     14.9016     14.7098      16      0.0270
   61      5.2462      8.2095     15.1486      2.1485      44      0.0942
   62      5.0823      6.5357     18.0301      0.8880      45      0.0788
   63      4.3445      3.8258     17.3714      0.2343      20      0.6413
   64      5.3282      4.9416     16.3835      7.5990      87      0.0399
   65      5.3282      1.0362     12.5963      2.0147      46      0.0611
   66      5.4921      1.1159     17.7008      2.3028      36      0.0616
   67      6.8037      5.8184     14.9016      2.5453      33      0.0517
   68      7.1316      0.8767     18.8534      7.6015      72      0.0781
   69      7.0496      1.1159     15.1486     14.2233      10      0.0146
   70      7.1316      5.8184     10.1265     14.2872       9      0.0319
   71      6.8857      0.9564     10.0441      3.4016      34      0.0475
   72      8.1972      5.7387     13.2550      1.1943      17      0.6843
   73      7.2136      3.2679     12.7610      2.4459      31      0.0362
   74      6.8037      5.4199     18.6064      7.7241      75      0.0366
   75      6.7217      7.1734     16.4658      7.7529      85      0.0454
   76      8.2792      6.3763     12.6787      0.9752      17      0.6705
   77      6.8037      3.7461     17.3714      1.9673      26      0.0639
   78      6.8857      7.9704     12.6787      2.3616      25      0.0622
   79      7.0496      8.6877     17.7831      2.0853      32      0.0994
   80      8.5251      3.2679     10.2088     14.4087      11      0.0185
   81      8.8530      5.7387     12.0200      1.4157      17      0.7145
   82      8.5251      8.2892     15.1486     13.9688      12      0.0439
   83      8.1153      5.1808     12.6787      0.8698      17      0.7072
   84      7.5415      0.9564     12.2670      1.3764       4      1.0020
   85      8.3612      7.6516     18.7710      7.5231      78      0.0416
   86      8.2792      0.7173     17.4538      0.7313      18      0.7781
   87      8.1153      5.0214     16.3012      7.9481      86      0.0229
   88      8.1972      1.6738     17.2891      0.6513      18      0.6315
   89      7.5415      3.2679     14.8192      0.8640       2      1.0954
   90      8.5251      3.2679     18.2771      7.5176      74      0.0689
   91      8.3612      7.2531     10.2911      1.5665       1      1.0711
   92      7.6234      8.5283     10.3735      0.1819       1      0.9809
   93      7.7054      8.7674     10.3735      0.2129       1      0.9902
   94      8.2792      9.2457     10.3735      1.0987       1      0.9946
   95      8.6071      0.0000     11.7731      0.5281       4      1.0447
   96      7.8693      9.0066     10.2911      0.2437       1      1.0075
   97      8.8530      1.4347     18.1124      0.3025      18      0.5790
   98      8.7710      3.5070     14.0783      1.6793       2      1.0237
   99      8.8530      1.7535     12.5963      1.1562       4      1.0235
  100     10.0006      3.2679     12.6787     15.2966       7      0.0370
  101      9.1809      0.0000     12.5963      0.8891       4      1.0520
  102      8.9350      5.1808     12.6787      0.5711      17      0.7033
  103      8.4431      2.5505     15.3132      0.5256       2      1.0409
  104     10.0006      8.2095     17.7008     12.1859       8      0.0494
  105     10.2465      8.0501     12.7610     15.4239      13      0.0350
  106      9.3448      8.1298     11.0321      0.2426       1      1.0100
  107      8.8530      6.3763     12.6787      0.6423      17      0.7020
  108      8.7710      5.7387     13.2550      0.7331      17      0.6461
  109      8.6071      5.7387     12.6787      0.0762      17      0.0832
  110      9.9187      6.0575     17.6184      7.6686      79      0.0144
  111      8.7710      1.4347     17.6184      0.0778      18      0.1216
  112      9.9187      5.9778     15.4779      2.5441      23      0.0143
  113      9.0989      1.9129     17.6184      0.5681      18      0.6837
  114      9.5088      7.9704     10.5381      0.3367       1      0.9978
  115     10.1646      0.4782     18.6887      7.5808      71      0.0564
  116      9.1809      1.1159     17.1244      0.9841      18      0.7132
  117     10.1646      1.1159     10.1265      3.2334      24      0.0308
  118      9.4268      8.0501     10.8674      0.0560       1      1.0021
  119     10.0826      5.8184      9.9618      2.7146      61      0.1867
  120     10.4105      3.9055     17.7008     13.6989      14      0.0545
  121     10.1646      1.1956     14.9839      1.9994      62      0.0764
  122     11.7220      1.0362     12.5963      2.8354      28      0.0608
  123     11.9680      1.1956     17.9477      1.4973      64      0.1083
  124     11.8040      0.3188     15.9718      7.7923      83      0.0436
  125     11.9680      5.6590     12.6787      2.2822      63      0.0043
  126     11.6401      8.1298     15.0662      2.4574      30      0.0728
  127     11.8860      3.7461     15.3132      1.9754      42      0.0517
  128     12.0499      8.2892     18.1947      7.5101      77      0.0493
  129     12.6237      3.5867     18.0301      0.2579      58      0.8171
  -------------------------------------------------------------------------
