    #         X           Y           Z        CHARGE     ATOM    DISTANCE
  -------------------------------------------------------------------------
    1     13.3615      0.1594     10.4558      1.6949       6      1.0022
    2      1.6394      8.3689     10.2088      3.5849      51      0.1585
    3     13.5254      8.3689     12.8433      2.9875      57      0.0527
    4      0.6558      9.3254     13.9959      0.7839      57      1.7497
    5     13.6894      1.0362     14.9016      3.0975      50      0.0308
    6      1.3116      1.5941     17.6184      2.9319      48      0.1344
    7      0.1639      8.2892     17.7831      2.2814      54      0.1471
    8     13.4435      2.1520     18.6887      7.8000      66      0.0418
    9     13.0336      1.9129     10.9498      3.4156       6      1.0191
   10     11.6401      1.0362     12.5963      2.9095      28      0.0389
   11      0.0000      3.1882     12.5140      2.9467      53      0.0332
   12      1.3935      1.9926     16.3835      0.9485      48      1.1732
   13     13.3615      2.6302     14.2429      0.8556      50      1.7287
   14     13.2795      4.0649     18.0301      2.0855      58      0.1362
   15     11.7220      3.3476     10.3735      3.6187      29      0.0431
   16     13.6894      5.6590     10.0441      4.2019      49      0.1427
   17      1.9673      3.1882     10.0441      4.0888      55      0.1361
   18     13.6074      5.1808     15.5602      0.5239       5      0.9789
   19      0.0000      5.2605     15.6425      0.6683       5      0.9793
   20      1.8854      5.8184     17.6184      2.2937      59      0.0861
   21     12.0499      5.6590     12.6787      2.5934      63      0.0795
   22     11.8860      3.5867     15.1486      2.2367      42      0.0191
   23     12.5418      5.7387     14.9839      0.7834       5      0.9963
   24     13.6074      6.2169     18.2771      7.7109      68      0.0548
   25      0.1639      6.6154     14.5722      0.9788       5      1.0122
   26      0.1639      6.8545     15.7249      0.7143       5      1.0167
   27      0.8197      7.1734     13.8313      0.1339      47      1.8283
   28      2.0493      7.6516     18.7710      7.6377      73      0.0731
   29     11.8860      8.2095     10.1265      3.2028      41      0.1232
   30     11.8040      8.4486     15.3132      3.1935      30      0.0488
   31     12.5418      6.4560     15.6425      1.3881       5      1.0188
   32      1.5575      3.7461     15.2309      2.3287      52      0.0446
   33      1.5575      5.8184     12.8433      2.5779      47      0.0553
   34      3.1149      8.7674     17.6184      3.5975      38      0.0740
   35      1.8854      8.0501     15.0662      2.2839      56      0.0308
   36      2.0493      0.8767     12.4317      2.6458      60      0.0426
   37      2.7051      4.7025     13.8313      0.8889      21      1.7232
   38      3.3609      3.7461     17.1244      1.4842      20      0.6770
   39      3.4428      3.1882     17.8654      1.3119      20      0.5846
   40      3.3609      7.7313     12.1024      1.8112      19      0.6581
   41      3.6888      8.6080     12.5140      1.4817      19      0.6559
   42      3.4428      7.9704     12.9257      1.7763      19      0.6080
   43      3.4428      1.2753     15.1486      2.3544      40      0.0533
   44      3.4428      5.8184     10.2911      3.1258      39      0.1318
   45      3.6888      1.9129     13.3373      0.7274      37      1.6741
   46      3.8527      0.7173      9.9618      4.0358      22      0.0650
   47      3.6068      5.0214     18.5240      7.8333      69      0.0705
   48      3.7707      5.6590     14.7369      3.0152      21      0.0316
   49      3.5248      3.5070     12.8433      2.8621      37      0.0163
   50      5.2462      3.3476     10.2088      4.0717      43      0.1194
   51      3.4428      1.1956     17.5361      7.7934      67      0.0591
   52      5.3282      3.5867     15.0662     15.4174      16      0.0273
   53      4.0166      2.8693     16.9598      0.1379      20      0.6928
   54      4.4265      3.6664     17.1244      1.5381      20      0.7696
   55      5.1643      8.3689     15.1486      2.2629      44      0.0444
   56      4.2626      8.0501     11.8554      1.1744      19      0.7473
   57      5.4102      8.1298     10.2088     14.5879      15      0.0300
   58      4.3445      8.2095     12.9257      1.7504      19      0.7123
   59      4.0986      2.9490     16.7951      0.1550      20      0.7972
   60      5.0003      6.2169     17.5361      2.5959      45      0.1842
   61      4.0986      7.3328     12.5140      1.0446      19      0.6888
   62      3.9347      2.7896     17.1244      0.1061      20      0.6362
   63      5.4921      2.7099     18.4417      7.6565      70      0.0314
   64      5.4921      5.5793     12.5140      2.6021      35      0.0457
   65      3.6888      7.9704     12.5963      0.0754      19      0.2019
   66      5.0823      8.3689     17.4538      7.7766      65      0.0399
   67      5.3282      1.0362     12.5963      2.1241      46      0.0611
   68      6.8857      0.9564     10.0441      3.3918      34      0.0475
   69      5.4921      0.9564     17.5361      2.2005      36      0.0417
   70      6.9676      1.3550     15.0662     14.7301      10      0.0312
   71      6.9676      0.2391     18.6064      7.6462      72      0.0653
   72      8.1972      5.7387     13.2550      1.2596      17      0.6843
   73      7.1316      5.8184     10.1265     14.2332       9      0.0319
   74      6.8037      5.9778     14.9016      2.4031      33      0.0681
   75      8.4431      8.2892     14.9839     14.3595      12      0.0310
   76      7.2136      3.2679     12.7610      2.4804      31      0.0362
   77      7.0496      5.8981     17.7008      7.9029      75      0.0467
   78      6.8857      3.7461     17.4538      2.1048      26      0.0656
   79      6.8037      8.0501     12.6787      2.3501      25      0.0627
   80      8.5251      3.2679     10.2088     14.4104      11      0.0185
   81      8.1972      6.3763     12.6787      0.8694      17      0.7051
   82      7.1316      8.0501     17.5361      2.2713      32      0.0550
   83      8.1153      5.1808     12.5963      0.8097      17      0.7094
   84      8.1153      5.7387     12.0200      0.6249      17      0.7589
   85      7.8693      1.4347     12.8433      1.1279       4      0.9924
   86      7.9513      1.1956     17.0421      0.7645      18      0.7230
   87      8.1972      1.6738     17.6184      0.5421      18      0.6073
   88      9.9187      8.4486     17.2068     14.1701       8      0.0419
   89      8.4431      3.0288     18.4417      7.4675      74      0.0454
   90      8.6891      3.7461     14.0783      2.4162       2      1.0331
   91      7.7054      4.0649     15.5602      0.3211       2      1.0074
   92      8.9350      7.0937     17.1244      1.7704       3      1.0996
   93      9.0170      9.4848     12.7610      0.9285       4      1.0623
   94      8.7710      4.3040     16.0542      1.1940       2      1.0778
   95      8.3612      7.2531     10.2911      1.4036       1      1.0711
   96      7.6234      8.5283     10.3735      0.1757       1      0.9809
   97      7.7054      8.7674     10.3735      0.1723       1      0.9902
   98      8.6071      0.0000     11.7731      0.5425       4      1.0447
   99      8.6891      0.3985     17.3714      0.6238      18      0.7894
  100      7.8693      9.0066     10.2911      0.2892       1      1.0075
  101      8.2792      9.2457     10.3735      1.0985       1      0.9946
  102      8.5251      1.1159     18.1124      0.2854      18      0.5788
  103     10.0826      3.7461     17.6184     14.5428      14      0.0520
  104      8.8530      1.7535     12.6787      0.5670       4      1.0394
  105      9.0170      1.6738     12.6787      0.8532       4      1.0353
  106     10.0006      3.2679     12.6787     15.2914       7      0.0370
  107      8.9350      5.1808     12.5963      0.5157      17      0.7055
  108     10.2465      8.0501     12.7610     15.6195      13      0.0350
  109      9.4268      7.8110     10.5381      0.8164       1      0.9894
  110      8.8530      6.3763     12.5963      0.6489      17      0.7042
  111      8.4431      1.2753     17.6184      0.0760      18      0.1612
  112      8.5251      5.7387     12.6787      0.0814      17      0.0274
  113      8.9350      1.4347     17.2891      0.6899      18      0.5983
  114      8.8530      5.7387     13.2550      0.7700      17      0.6811
  115     10.0826      0.4782     18.6887      7.5943      71      0.0632
  116      8.9350      5.6590     12.1024      0.8650      17      0.6938
  117     11.3122      4.7822     18.7710      7.4216      76      0.0566
  118      9.3448      5.7387     10.7028      0.1548      61      0.9169
  119     10.0826      5.8184      9.9618      2.5901      61      0.1867
  120     10.1646      1.1159     10.1265      3.2407      24      0.0308
  121     10.0006      1.2753     14.9839      2.1145      62      0.0412
  122     10.3285      6.1372     14.9016      2.8727      23      0.0325
  123     11.6401      6.3763     17.5361      2.3379      27      0.0762
  124     11.8040      1.1956     17.7831      2.0335      64      0.1384
  125     11.9680      8.3689     17.6184      7.6559      77      0.0359
  -------------------------------------------------------------------------
