3.796608327985160902e-01 8.996371069892176164e-01 6.348332972242666239e-01
9.857609453829114798e-01 2.497478592675929088e-01 6.742883406137448743e-01
2.554984506817040146e-01 1.448218254659968118e-01 6.371787197201210784e-01
9.797954003950468671e-01 6.622634002642583395e-01 6.562561943801633602e-01
2.664900481856071202e-01 5.356040474876178070e-01 6.649973639012448645e-01
4.005172160757414224e-01 2.857602805688326253e-01 6.670070295526985271e-01
7.391935748678288842e-01 5.333574071220900659e-02 6.668577299942143322e-01
5.289481601545927836e-01 5.545523014072120671e-02 6.666743585667367356e-01
1.384303397491730980e-01 8.227961702260847554e-01 6.730371035428770465e-01
6.219883641806472907e-01 3.207629172580938048e-01 6.662240460203602277e-01
5.055908224847729393e-01 6.257869679284900899e-01 6.395279683394479164e-01
8.188463744347184159e-01 4.909488652503659067e-01 6.775027876510856251e-01
8.674450567130791434e-01 8.773012928181066483e-01 6.362598163942366769e-01
6.249656364226278127e-01 7.548618674050132649e-01 6.672530357707139315e-01
7.186756515898153896e-01 6.186118586013573672e-01 6.246357727520185366e-01
2.530780822435728106e-01 7.334831608148073556e-01 5.870790672463019888e-01
9.898977834455420233e-01 2.743609002708576883e-01 5.890919987495050192e-01
1.206384288383581943e-01 6.147541828874054648e-01 5.476075111697917830e-01
8.651049265237222841e-01 9.874108732666039834e-02 5.644715470830947712e-01
2.546990742888072257e-01 3.660607142272532255e-01 5.417236403023213409e-01
4.966333996384422744e-01 7.557739932639574443e-01 5.914566338915668853e-01
5.959895694139708544e-01 5.200086274336013226e-01 5.875135417521153425e-01
3.829939693448968230e-01 5.159082948903046528e-01 5.925382698430310402e-01
9.884077830339925708e-01 8.217075450047073293e-01 5.712184893365337413e-01
7.366359553678357708e-01 2.726277582742229200e-01 5.935760339322785351e-01
6.092997621090996407e-01 2.467989324102999871e-01 5.786447536698016147e-01
7.074465702438058612e-01 7.825339754156974692e-01 5.832592878458977559e-01
3.619709567977095199e-01 1.906855755840536903e-01 5.883777950559319070e-01
8.960901652614874369e-01 5.727433725373933804e-01 5.971193844292852493e-01
5.082948212786616571e-01 3.668904026630853132e-01 5.877543281768763395e-01
