1.491194694525076599e+11 1.487873628377083435e+11 0.000000000000000000e+00 0.000000000000000000e+00 0.000000000000000000e+00 0.000000000000000000e+00
6.224666884414247894e+10 6.160340004603430939e+10 5.691852878665961456e+10 0.000000000000000000e+00 0.000000000000000000e+00 0.000000000000000000e+00
2.659610480150394821e+10 2.643509924359434128e+10 7.320277645176727295e+09 0.000000000000000000e+00 0.000000000000000000e+00 0.000000000000000000e+00
1.171478763129372978e+10 1.176208069965416908e+10 7.909537462837423086e+08 0.000000000000000000e+00 0.000000000000000000e+00 0.000000000000000000e+00
5.278798030460151672e+09 5.269598409499360085e+09 5.908605484651033878e+08 0.000000000000000000e+00 0.000000000000000000e+00 0.000000000000000000e+00
2.435978947288633823e+09 2.441520754448104858e+09 1.524392463697414398e+09 0.000000000000000000e+00 0.000000000000000000e+00 0.000000000000000000e+00
1.157503571539822102e+09 1.156298521468156338e+09 1.130731649382921457e+09 0.000000000000000000e+00 0.000000000000000000e+00 0.000000000000000000e+00
5.578831552017519474e+08 5.560070912619625330e+08 1.200956311993266106e+09 0.000000000000000000e+00 0.000000000000000000e+00 0.000000000000000000e+00
2.762149439516516328e+08 2.748229221464152336e+08 3.440100538770226836e+08 0.000000000000000000e+00 0.000000000000000000e+00 0.000000000000000000e+00
1.392358682378740907e+08 1.376901809042665362e+08 2.746172560915120840e+08 0.000000000000000000e+00 0.000000000000000000e+00 0.000000000000000000e+00
7.179251330761259794e+07 7.198231020539572835e+07 1.000368610361766443e+07 0.000000000000000000e+00 0.000000000000000000e+00 0.000000000000000000e+00
3.759852223564023525e+07 3.712502600665102154e+07 1.918214393449047580e+07 0.000000000000000000e+00 0.000000000000000000e+00 0.000000000000000000e+00
2.007314903424869478e+07 1.998802590046755970e+07 1.607022782182216831e+07 0.000000000000000000e+00 0.000000000000000000e+00 0.000000000000000000e+00
1.088381936602164619e+07 1.094802700257489085e+07 1.534639010911341757e+07 0.000000000000000000e+00 0.000000000000000000e+00 0.000000000000000000e+00
6.012006498342424631e+06 5.995399189337540418e+06 9.469834777882324532e+06 0.000000000000000000e+00 0.000000000000000000e+00 0.000000000000000000e+00
3.368628314823038876e+06 3.389054360247792210e+06 1.561297893154737074e+06 0.000000000000000000e+00 0.000000000000000000e+00 0.000000000000000000e+00
1.915308134611208923e+06 1.913326592957313638e+06 1.227040781357484870e+06 0.000000000000000000e+00 0.000000000000000000e+00 0.000000000000000000e+00
1.107681009906873805e+06 1.110430223023462575e+06 4.426469215668353718e+05 0.000000000000000000e+00 0.000000000000000000e+00 0.000000000000000000e+00
6.481664647351361345e+05 6.472392755625813734e+05 4.494875023272669059e+05 0.000000000000000000e+00 0.000000000000000000e+00 0.000000000000000000e+00
3.845766220960038481e+05 3.788027122692213161e+05 2.302804786919157777e+05 0.000000000000000000e+00 0.000000000000000000e+00 0.000000000000000000e+00
2.310744129553833627e+05 2.308410422645082872e+05 1.564342209324494179e+05 0.000000000000000000e+00 0.000000000000000000e+00 0.000000000000000000e+00
1.404774789508881222e+05 1.405108552060183429e+05 1.599641870216844254e+05 0.000000000000000000e+00 0.000000000000000000e+00 0.000000000000000000e+00
8.665270768802917155e+04 8.744082411580707412e+04 1.256150081694775727e+05 0.000000000000000000e+00 0.000000000000000000e+00 0.000000000000000000e+00
5.407945405842414038e+04 5.435019622069576872e+04 8.294798019940352242e+04 0.000000000000000000e+00 0.000000000000000000e+00 0.000000000000000000e+00
3.409473811459492572e+04 3.369113562671311229e+04 4.009178791071984597e+04 0.000000000000000000e+00 0.000000000000000000e+00 0.000000000000000000e+00
2.173292644050173112e+04 2.177167393806938344e+04 2.234348357173262775e+04 0.000000000000000000e+00 0.000000000000000000e+00 0.000000000000000000e+00
1.399289281593044325e+04 1.400483876740723827e+04 9.272585747841838383e+03 0.000000000000000000e+00 0.000000000000000000e+00 0.000000000000000000e+00
9.091181912346137324e+03 9.133946800059204179e+03 7.852160159256714905e+03 0.000000000000000000e+00 0.000000000000000000e+00 0.000000000000000000e+00
5.979828686683177693e+03 6.025862394070548362e+03 5.912882149106786528e+03 0.000000000000000000e+00 0.000000000000000000e+00 0.000000000000000000e+00
3.960768805301495377e+03 3.997456785784963358e+03 3.703769220096483878e+03 0.000000000000000000e+00 0.000000000000000000e+00 0.000000000000000000e+00
2.653064640204879652e+03 2.629316849452622591e+03 2.162575069080504818e+03 0.000000000000000000e+00 0.000000000000000000e+00 0.000000000000000000e+00
1.790265142100068488e+03 1.793220792847417442e+03 1.821886471388724431e+03 0.000000000000000000e+00 0.000000000000000000e+00 0.000000000000000000e+00
1.218901310789275385e+03 1.229531349065054656e+03 1.183226463757637021e+03 0.000000000000000000e+00 0.000000000000000000e+00 0.000000000000000000e+00
8.365379209700478214e+02 8.365437860463399602e+02 8.580828788942983465e+02 0.000000000000000000e+00 0.000000000000000000e+00 0.000000000000000000e+00
5.778882318900393784e+02 5.778826044135566917e+02 6.458645188756769357e+02 0.000000000000000000e+00 0.000000000000000000e+00 0.000000000000000000e+00
4.037524856704501417e+02 4.039480497388575486e+02 3.703039438150614160e+02 0.000000000000000000e+00 0.000000000000000000e+00 0.000000000000000000e+00
2.829895307377913127e+02 2.821707261452903026e+02 3.305638369052432495e+02 0.000000000000000000e+00 0.000000000000000000e+00 0.000000000000000000e+00
2.005243010428559103e+02 2.007104108157696203e+02 1.663279886735774937e+02 0.000000000000000000e+00 0.000000000000000000e+00 0.000000000000000000e+00
1.427923300578124213e+02 1.424370166257893402e+02 1.414630936274238593e+02 0.000000000000000000e+00 0.000000000000000000e+00 0.000000000000000000e+00
1.024151956805193322e+02 1.018929731368414622e+02 8.621078837963689523e+01 0.000000000000000000e+00 0.000000000000000000e+00 0.000000000000000000e+00
7.394095222280805046e+01 7.356511499709641555e+01 8.152757280262946438e+01 0.000000000000000000e+00 0.000000000000000000e+00 0.000000000000000000e+00
5.373701985610196630e+01 5.350361791874142625e+01 4.492674698059479965e+01 0.000000000000000000e+00 0.000000000000000000e+00 0.000000000000000000e+00
3.929639053462474862e+01 3.947964397789029789e+01 4.107087277583045903e+01 0.000000000000000000e+00 0.000000000000000000e+00 0.000000000000000000e+00
2.892434686471229810e+01 2.902056346456916458e+01 2.452650559056968405e+01 0.000000000000000000e+00 0.000000000000000000e+00 0.000000000000000000e+00
2.140609052202301754e+01 2.152340239163556390e+01 2.449509344039131165e+01 0.000000000000000000e+00 0.000000000000000000e+00 0.000000000000000000e+00
1.592732547409383415e+01 1.589978582135885077e+01 1.548194281974648412e+01 0.000000000000000000e+00 0.000000000000000000e+00 0.000000000000000000e+00
1.190913454956198692e+01 1.193110551882987558e+01 1.190900983782611711e+01 0.000000000000000000e+00 0.000000000000000000e+00 0.000000000000000000e+00
8.962472663726007482e+00 8.977443196322999697e+00 8.783645849281862539e+00 0.000000000000000000e+00 0.000000000000000000e+00 0.000000000000000000e+00
6.803094576393800885e+00 6.783965913959606020e+00 6.575713917911802930e+00 0.000000000000000000e+00 0.000000000000000000e+00 0.000000000000000000e+00
5.159020339861933202e+00 5.132800935276470078e+00 5.063473616523032739e+00 0.000000000000000000e+00 0.000000000000000000e+00 0.000000000000000000e+00
3.939774542533662327e+00 3.952056552560188951e+00 4.093422492422901904e+00 0.000000000000000000e+00 0.000000000000000000e+00 0.000000000000000000e+00
3.022592410949347830e+00 3.015253109374575136e+00 3.665346928270337923e+00 0.000000000000000000e+00 0.000000000000000000e+00 0.000000000000000000e+00
2.332953983591943725e+00 2.323850406002994085e+00 2.342659978656446818e+00 0.000000000000000000e+00 0.000000000000000000e+00 0.000000000000000000e+00
1.808330644869362569e+00 1.805905365643467819e+00 2.029971491869155820e+00 0.000000000000000000e+00 0.000000000000000000e+00 0.000000000000000000e+00
1.405969270890650158e+00 1.410785615253125513e+00 1.420600581155735398e+00 0.000000000000000000e+00 0.000000000000000000e+00 0.000000000000000000e+00
1.099280835077166785e+00 1.098032602880674169e+00 1.030435954580341651e+00 0.000000000000000000e+00 0.000000000000000000e+00 0.000000000000000000e+00
8.639296063115762259e-01 8.653895454477383842e-01 8.976028457252668291e-01 0.000000000000000000e+00 0.000000000000000000e+00 0.000000000000000000e+00
6.790274602315287122e-01 6.773337508108229210e-01 7.054941953408028210e-01 0.000000000000000000e+00 0.000000000000000000e+00 0.000000000000000000e+00
5.377175683558567121e-01 5.410814231951206477e-01 4.769421101038057165e-01 0.000000000000000000e+00 0.000000000000000000e+00 0.000000000000000000e+00
4.269262115724673512e-01 4.247693621088997062e-01 4.437817582854107212e-01 0.000000000000000000e+00 0.000000000000000000e+00 0.000000000000000000e+00
3.407101543168333802e-01 3.401366851561750670e-01 3.412133420180795684e-01 0.000000000000000000e+00 0.000000000000000000e+00 0.000000000000000000e+00
2.732101233546381791e-01 2.730409073756045468e-01 2.724938886188644771e-01 0.000000000000000000e+00 0.000000000000000000e+00 0.000000000000000000e+00
2.191230503409087038e-01 2.189351841094162587e-01 2.321839788404989058e-01 0.000000000000000000e+00 0.000000000000000000e+00 0.000000000000000000e+00
1.765810467555131158e-01 1.764452878440682659e-01 1.813690614870198670e-01 0.000000000000000000e+00 0.000000000000000000e+00 0.000000000000000000e+00
1.429456430373940989e-01 1.426373492798662934e-01 1.451746333812304335e-01 0.000000000000000000e+00 0.000000000000000000e+00 0.000000000000000000e+00
1.161687824473655178e-01 1.157549025219965638e-01 1.241161076428523441e-01 0.000000000000000000e+00 0.000000000000000000e+00 0.000000000000000000e+00
9.447648930411522983e-02 9.416148114209996201e-02 9.668455402777889618e-02 0.000000000000000000e+00 0.000000000000000000e+00 0.000000000000000000e+00
7.724604443533227005e-02 7.678888624532992369e-02 7.326356653154256215e-02 0.000000000000000000e+00 0.000000000000000000e+00 0.000000000000000000e+00
6.330789955517127088e-02 6.299593838449710215e-02 6.127552915577622744e-02 0.000000000000000000e+00 0.000000000000000000e+00 0.000000000000000000e+00
5.200187822079038041e-02 5.201042236548529540e-02 4.876107386549689837e-02 0.000000000000000000e+00 0.000000000000000000e+00 0.000000000000000000e+00
4.278566204695356812e-02 4.282185958682568211e-02 4.194498927660113285e-02 0.000000000000000000e+00 0.000000000000000000e+00 0.000000000000000000e+00
3.550355109144320842e-02 3.536889522829366611e-02 3.687755244788330083e-02 0.000000000000000000e+00 0.000000000000000000e+00 0.000000000000000000e+00
2.939326525603537868e-02 2.936598104507414514e-02 3.136255345604656297e-02 0.000000000000000000e+00 0.000000000000000000e+00 0.000000000000000000e+00
2.440731356503719057e-02 2.459457814516883764e-02 2.760636401067625284e-02 0.000000000000000000e+00 0.000000000000000000e+00 0.000000000000000000e+00
2.037916114358657299e-02 2.037612493622520046e-02 1.876715436647682228e-02 0.000000000000000000e+00 0.000000000000000000e+00 0.000000000000000000e+00
1.701386016175916380e-02 1.703013803127629774e-02 1.708569996956531972e-02 0.000000000000000000e+00 0.000000000000000000e+00 0.000000000000000000e+00
1.424463849568534737e-02 1.427804325603190469e-02 1.443471720553338340e-02 0.000000000000000000e+00 0.000000000000000000e+00 0.000000000000000000e+00
1.200232193303725145e-02 1.196944409802736323e-02 1.229953272995630391e-02 0.000000000000000000e+00 0.000000000000000000e+00 0.000000000000000000e+00
1.008460001642768472e-02 1.022184288714387580e-02 1.024246936172195852e-02 0.000000000000000000e+00 0.000000000000000000e+00 0.000000000000000000e+00
8.529865578487070069e-03 8.538962554825830012e-03 8.888818571898790197e-03 0.000000000000000000e+00 0.000000000000000000e+00 0.000000000000000000e+00
7.208841735371698985e-03 7.267882070465785799e-03 7.249304055450537208e-03 0.000000000000000000e+00 0.000000000000000000e+00 0.000000000000000000e+00
6.137999277101393800e-03 6.156080872842686555e-03 6.567962578938473656e-03 0.000000000000000000e+00 0.000000000000000000e+00 0.000000000000000000e+00
5.226276442282177213e-03 5.214758867939979330e-03 5.335860866041737018e-03 0.000000000000000000e+00 0.000000000000000000e+00 0.000000000000000000e+00
4.439437487564288493e-03 4.448694701721541550e-03 4.259951895963409903e-03 0.000000000000000000e+00 0.000000000000000000e+00 0.000000000000000000e+00
3.789388135632072285e-03 3.791158436334390695e-03 3.745390627865250160e-03 0.000000000000000000e+00 0.000000000000000000e+00 0.000000000000000000e+00
3.255033160268772704e-03 3.248732412951237710e-03 3.270658623463221226e-03 0.000000000000000000e+00 0.000000000000000000e+00 0.000000000000000000e+00
2.796788832453043702e-03 2.790581993011136738e-03 2.808712271997722623e-03 0.000000000000000000e+00 0.000000000000000000e+00 0.000000000000000000e+00
2.399561568781393654e-03 2.394701729873080324e-03 2.370493023593575437e-03 0.000000000000000000e+00 0.000000000000000000e+00 0.000000000000000000e+00
2.063225938712131592e-03 2.075110761769343587e-03 2.048916764877907557e-03 0.000000000000000000e+00 0.000000000000000000e+00 0.000000000000000000e+00
1.780775019359408674e-03 1.788704439521328739e-03 1.760240112736606664e-03 0.000000000000000000e+00 0.000000000000000000e+00 0.000000000000000000e+00
1.544870514396955207e-03 1.537576762132798845e-03 1.542737135328106331e-03 0.000000000000000000e+00 0.000000000000000000e+00 0.000000000000000000e+00
1.335570051631749340e-03 1.339174368298514783e-03 1.375906166698915179e-03 0.000000000000000000e+00 0.000000000000000000e+00 0.000000000000000000e+00
1.158735377608748019e-03 1.163233212720693336e-03 1.143892992604286611e-03 0.000000000000000000e+00 0.000000000000000000e+00 0.000000000000000000e+00
1.009562917042988728e-03 1.005871710158463264e-03 9.815719628962135939e-04 0.000000000000000000e+00 0.000000000000000000e+00 0.000000000000000000e+00
8.795269429648060059e-04 8.783002999917717026e-04 8.663408817475143613e-04 0.000000000000000000e+00 0.000000000000000000e+00 0.000000000000000000e+00
7.672620276287882551e-04 7.698977799846262217e-04 7.507471276204623345e-04 0.000000000000000000e+00 0.000000000000000000e+00 0.000000000000000000e+00
6.705489276835392308e-04 6.735666843691913170e-04 6.825807542904099856e-04 0.000000000000000000e+00 0.000000000000000000e+00 0.000000000000000000e+00
5.875619165134317789e-04 5.874216828857702554e-04 6.093979954412752191e-04 0.000000000000000000e+00 0.000000000000000000e+00 0.000000000000000000e+00
5.158062319236206630e-04 5.135230863877987117e-04 5.001317727258218189e-04 0.000000000000000000e+00 0.000000000000000000e+00 0.000000000000000000e+00
4.535609820471309399e-04 4.549670885219503184e-04 4.417730864625794059e-04 0.000000000000000000e+00 0.000000000000000000e+00 0.000000000000000000e+00
3.982136130891878335e-04 3.981603025516848734e-04 4.025723059730378344e-04 0.000000000000000000e+00 0.000000000000000000e+00 0.000000000000000000e+00
3.510965375843439168e-04 3.516251079942747594e-04 3.652150797809379382e-04 0.000000000000000000e+00 0.000000000000000000e+00 0.000000000000000000e+00
3.105675276697100469e-04 3.087175149986911725e-04 3.141105019134552280e-04 0.000000000000000000e+00 0.000000000000000000e+00 0.000000000000000000e+00
2.744549364991505109e-04 2.745069665311516537e-04 2.701191586813625717e-04 0.000000000000000000e+00 0.000000000000000000e+00 0.000000000000000000e+00
2.425016123357204333e-04 2.429645182985336761e-04 2.446791545276794230e-04 0.000000000000000000e+00 0.000000000000000000e+00 0.000000000000000000e+00
2.155470223754755651e-04 2.156190405620513409e-04 2.119921416622714714e-04 0.000000000000000000e+00 0.000000000000000000e+00 0.000000000000000000e+00
1.912511465325072947e-04 1.915439874823684368e-04 1.908599399341391850e-04 0.000000000000000000e+00 0.000000000000000000e+00 0.000000000000000000e+00
1.702881421695305088e-04 1.702608916689320629e-04 1.653188162241788135e-04 0.000000000000000000e+00 0.000000000000000000e+00 0.000000000000000000e+00
1.517918706399513798e-04 1.505656736403146109e-04 1.540774675933871012e-04 0.000000000000000000e+00 0.000000000000000000e+00 0.000000000000000000e+00
1.350707832646168142e-04 1.350096677925735253e-04 1.359579848053145260e-04 0.000000000000000000e+00 0.000000000000000000e+00 0.000000000000000000e+00
1.205793211322218872e-04 1.210412729645630439e-04 1.218976075639013044e-04 0.000000000000000000e+00 0.000000000000000000e+00 0.000000000000000000e+00
1.079916108164458610e-04 1.081727212225776252e-04 1.059114557227145933e-04 0.000000000000000000e+00 0.000000000000000000e+00 0.000000000000000000e+00
9.649196585086226938e-05 9.674944267451377660e-05 9.509159067104418206e-05 0.000000000000000000e+00 0.000000000000000000e+00 0.000000000000000000e+00
8.652138323176037933e-05 8.652963567212283388e-05 8.754791838709306590e-05 0.000000000000000000e+00 0.000000000000000000e+00 0.000000000000000000e+00
7.762208086765405449e-05 7.798008787970971665e-05 7.817979479532388644e-05 0.000000000000000000e+00 0.000000000000000000e+00 0.000000000000000000e+00
6.987829629441596102e-05 6.962040141938034853e-05 7.013462760974438341e-05 0.000000000000000000e+00 0.000000000000000000e+00 0.000000000000000000e+00
6.284234661038623178e-05 6.274097584089708747e-05 6.344695552107987768e-05 0.000000000000000000e+00 0.000000000000000000e+00 0.000000000000000000e+00
5.646952822793803174e-05 5.666182813143064324e-05 5.558019023017051678e-05 0.000000000000000000e+00 0.000000000000000000e+00 0.000000000000000000e+00
5.101075371021757777e-05 5.109500754269418924e-05 5.261763304318789193e-05 0.000000000000000000e+00 0.000000000000000000e+00 0.000000000000000000e+00
4.603626052651852834e-05 4.618417945044400334e-05 4.505420196254113869e-05 0.000000000000000000e+00 0.000000000000000000e+00 0.000000000000000000e+00
4.155384233589717315e-05 4.156259087985319047e-05 4.191876784903678896e-05 0.000000000000000000e+00 0.000000000000000000e+00 0.000000000000000000e+00
3.761524342495473175e-05 3.779948430482704485e-05 3.724595897326637642e-05 0.000000000000000000e+00 0.000000000000000000e+00 0.000000000000000000e+00
3.410967232339423815e-05 3.407811185331893289e-05 3.338652942958068973e-05 0.000000000000000000e+00 0.000000000000000000e+00 0.000000000000000000e+00
3.096852547889512359e-05 3.087005375153195353e-05 3.170596598081991266e-05 0.000000000000000000e+00 0.000000000000000000e+00 0.000000000000000000e+00
2.805645949892690482e-05 2.799754427791552956e-05 2.824726291616873097e-05 0.000000000000000000e+00 0.000000000000000000e+00 0.000000000000000000e+00
2.551153978979958962e-05 2.552809214214578462e-05 2.664436242023661766e-05 0.000000000000000000e+00 0.000000000000000000e+00 0.000000000000000000e+00
2.318426893754460107e-05 2.319495383588346827e-05 2.371233914835769533e-05 0.000000000000000000e+00 0.000000000000000000e+00 0.000000000000000000e+00
2.110447586516407635e-05 2.112570636354118409e-05 2.089525926440802351e-05 0.000000000000000000e+00 0.000000000000000000e+00 0.000000000000000000e+00
1.927890365683160838e-05 1.926715614841799097e-05 1.882208284675269592e-05 0.000000000000000000e+00 0.000000000000000000e+00 0.000000000000000000e+00
1.760582047331050968e-05 1.752632631686317017e-05 1.695132173370478962e-05 0.000000000000000000e+00 0.000000000000000000e+00 0.000000000000000000e+00
1.602711258779747756e-05 1.609823993034274859e-05 1.592142395496265719e-05 0.000000000000000000e+00 0.000000000000000000e+00 0.000000000000000000e+00
1.467485416004214544e-05 1.459359567931277329e-05 1.456143516366513581e-05 0.000000000000000000e+00 0.000000000000000000e+00 0.000000000000000000e+00
1.340241774567443230e-05 1.338344098088390307e-05 1.363145573548501181e-05 0.000000000000000000e+00 0.000000000000000000e+00 0.000000000000000000e+00
1.229391287903160785e-05 1.229673915049309459e-05 1.227617546307615580e-05 0.000000000000000000e+00 0.000000000000000000e+00 0.000000000000000000e+00
1.126627410517646365e-05 1.126559907030665683e-05 1.119602032302416857e-05 0.000000000000000000e+00 0.000000000000000000e+00 0.000000000000000000e+00
1.032626371432854630e-05 1.034166850927010655e-05 1.012253136157718922e-05 0.000000000000000000e+00 0.000000000000000000e+00 0.000000000000000000e+00
9.488935712212978661e-06 9.526388225495977522e-06 9.482377082225890692e-06 0.000000000000000000e+00 0.000000000000000000e+00 0.000000000000000000e+00
8.719547816627475160e-06 8.726965703084284268e-06 8.603152077382249634e-06 0.000000000000000000e+00 0.000000000000000000e+00 0.000000000000000000e+00
8.018357050060670444e-06 7.979939473238635407e-06 7.917045880403064182e-06 0.000000000000000000e+00 0.000000000000000000e+00 0.000000000000000000e+00
7.372220956311485893e-06 7.388024775814784723e-06 7.396725981563352256e-06 0.000000000000000000e+00 0.000000000000000000e+00 0.000000000000000000e+00
6.801214806669493064e-06 6.812034162220493902e-06 6.800118476233327101e-06 0.000000000000000000e+00 0.000000000000000000e+00 0.000000000000000000e+00
6.263816664934195554e-06 6.260675242334435521e-06 6.145704965869072313e-06 0.000000000000000000e+00 0.000000000000000000e+00 0.000000000000000000e+00
5.788465294969878380e-06 5.797483291308313670e-06 5.702007725500975693e-06 0.000000000000000000e+00 0.000000000000000000e+00 0.000000000000000000e+00
5.331634091435906886e-06 5.331509450681420944e-06 5.344164203280103067e-06 0.000000000000000000e+00 4.858085875955895977e-05 0.000000000000000000e+00
4.923575538215861854e-06 4.930617722839255892e-06 4.900887397470906141e-06 0.000000000000000000e+00 3.335706426820294951e-04 0.000000000000000000e+00
4.566949461813124537e-06 4.558818839719107810e-06 4.561865551289562845e-06 0.000000000000000000e+00 0.000000000000000000e+00 0.000000000000000000e+00
4.227349990182271778e-06 4.212785780388361441e-06 4.225164774966201295e-06 0.000000000000000000e+00 0.000000000000000000e+00 0.000000000000000000e+00
3.912037471808113544e-06 3.918402881041594622e-06 3.837954385590460266e-06 0.000000000000000000e+00 4.594692754911045262e-05 0.000000000000000000e+00
3.625571354549368755e-06 3.623570273798716890e-06 3.674144697900406546e-06 0.000000000000000000e+00 0.000000000000000000e+00 0.000000000000000000e+00
3.360599207853510465e-06 3.365196111342626904e-06 3.367327685310786008e-06 0.000000000000000000e+00 0.000000000000000000e+00 0.000000000000000000e+00
3.116759585777682755e-06 3.123579637535700669e-06 3.077417030631299278e-06 0.000000000000000000e+00 0.000000000000000000e+00 0.000000000000000000e+00
2.899552408343869853e-06 2.891349838903768386e-06 2.895381221633891306e-06 0.000000000000000000e+00 0.000000000000000000e+00 0.000000000000000000e+00
2.695223164451261679e-06 2.699697741930907340e-06 2.684694514181648443e-06 0.000000000000000000e+00 0.000000000000000000e+00 0.000000000000000000e+00
2.507744524797437773e-06 2.498369540823990392e-06 2.502424829445780025e-06 0.000000000000000000e+00 0.000000000000000000e+00 0.000000000000000000e+00
2.328322224619857812e-06 2.335305639872076033e-06 2.310441172785552541e-06 0.000000000000000000e+00 0.000000000000000000e+00 0.000000000000000000e+00
2.169089538972171128e-06 2.171541713927771170e-06 2.207777009211909211e-06 0.000000000000000000e+00 0.000000000000000000e+00 0.000000000000000000e+00
2.023904346950105951e-06 2.024121254050394270e-06 2.006611934329737930e-06 0.000000000000000000e+00 0.000000000000000000e+00 0.000000000000000000e+00
1.888864882554689599e-06 1.891272024108732088e-06 1.896141954746143996e-06 0.000000000000000000e+00 0.000000000000000000e+00 0.000000000000000000e+00
1.764573347033288814e-06 1.751522539111374670e-06 1.774030395407671572e-06 0.000000000000000000e+00 0.000000000000000000e+00 0.000000000000000000e+00
1.643692004476921305e-06 1.649434929154408607e-06 1.660063099244036831e-06 0.000000000000000000e+00 0.000000000000000000e+00 0.000000000000000000e+00
1.537187096289668397e-06 1.534095033647009440e-06 1.532515248024361920e-06 0.000000000000000000e+00 0.000000000000000000e+00 0.000000000000000000e+00
1.439699639477280006e-06 1.430278844791192521e-06 1.427394897574197178e-06 0.000000000000000000e+00 0.000000000000000000e+00 0.000000000000000000e+00
1.343110917172818655e-06 1.345758940193284893e-06 1.335807490319019973e-06 0.000000000000000000e+00 3.416854268366184808e-07 0.000000000000000000e+00
1.256520479250458558e-06 1.257984925350994483e-06 1.245565681677978623e-06 0.000000000000000000e+00 1.020610236863845332e-05 0.000000000000000000e+00
1.176370152656500734e-06 1.179084636995400962e-06 1.183853069728801036e-06 0.000000000000000000e+00 0.000000000000000000e+00 0.000000000000000000e+00
1.103651534932741742e-06 1.102810954931910922e-06 1.098498183789451458e-06 0.000000000000000000e+00 0.000000000000000000e+00 0.000000000000000000e+00
1.035534715253969184e-06 1.037288250939630534e-06 1.020081454595600157e-06 0.000000000000000000e+00 0.000000000000000000e+00 0.000000000000000000e+00
9.696168831819301225e-07 9.710379635188905448e-07 9.742960441199231154e-07 0.000000000000000000e+00 0.000000000000000000e+00 0.000000000000000000e+00
9.098312270997431512e-07 9.121863808562690624e-07 9.162357678812419095e-07 0.000000000000000000e+00 3.038079066452015589e-06 0.000000000000000000e+00
8.549714553008644843e-07 8.579138273343578349e-07 8.420872357427999520e-07 0.000000000000000000e+00 0.000000000000000000e+00 0.000000000000000000e+00
8.032432631267515084e-07 8.040634106861315181e-07 8.139978912044309080e-07 0.000000000000000000e+00 0.000000000000000000e+00 0.000000000000000000e+00
7.541814728068059102e-07 7.587137422292904597e-07 7.516631571686982707e-07 0.000000000000000000e+00 0.000000000000000000e+00 0.000000000000000000e+00
7.109287239044298591e-07 7.117834158387232216e-07 7.068126199052759769e-07 0.000000000000000000e+00 0.000000000000000000e+00 0.000000000000000000e+00
6.697099304256229821e-07 6.709157176062766993e-07 6.749891932874403878e-07 0.000000000000000000e+00 0.000000000000000000e+00 0.000000000000000000e+00
6.301631055715671521e-07 6.277993353635004503e-07 6.236883978598332068e-07 0.000000000000000000e+00 0.000000000000000000e+00 0.000000000000000000e+00
5.934850294036141867e-07 5.928110710472612552e-07 5.905583707552294836e-07 0.000000000000000000e+00 0.000000000000000000e+00 0.000000000000000000e+00
5.599967018411758557e-07 5.591809431096420503e-07 5.675301566084700191e-07 0.000000000000000000e+00 0.000000000000000000e+00 0.000000000000000000e+00
5.270894269580614694e-07 5.279054648292843019e-07 5.169005251407102530e-07 0.000000000000000000e+00 0.000000000000000000e+00 0.000000000000000000e+00
4.972686531193906598e-07 4.994361227020094639e-07 4.906087749003136193e-07 0.000000000000000000e+00 0.000000000000000000e+00 0.000000000000000000e+00
4.707776850930265093e-07 4.677105492884323245e-07 4.625770976146242669e-07 0.000000000000000000e+00 4.065472125139418420e-07 0.000000000000000000e+00
4.431294435704154548e-07 4.408283628688745369e-07 4.491744823501347775e-07 0.000000000000000000e+00 0.000000000000000000e+00 0.000000000000000000e+00
4.181326135683383571e-07 4.202561583204548171e-07 4.218874950048082290e-07 0.000000000000000000e+00 1.479607012262810778e-07 0.000000000000000000e+00
3.963666427344290126e-07 3.964451523646016490e-07 3.894958791481272891e-07 0.000000000000000000e+00 0.000000000000000000e+00 0.000000000000000000e+00
3.745813017173303035e-07 3.742576544576947601e-07 3.732269345692524193e-07 0.000000000000000000e+00 1.736022694619956472e-06 0.000000000000000000e+00
3.543616421594347670e-07 3.537349026359230870e-07 3.533677277292102479e-07 0.000000000000000000e+00 5.028581562987025943e-07 0.000000000000000000e+00
3.351631365077612442e-07 3.356733059225974568e-07 3.358772573372136794e-07 0.000000000000000000e+00 0.000000000000000000e+00 0.000000000000000000e+00
3.179916465323240952e-07 3.162021882001737197e-07 3.192916797978212841e-07 0.000000000000000000e+00 0.000000000000000000e+00 0.000000000000000000e+00
3.010147300348667604e-07 3.014769862080338287e-07 3.041482751046112389e-07 0.000000000000000000e+00 2.559268602273782070e-08 0.000000000000000000e+00
2.851965290848011748e-07 2.865184142931900965e-07 2.833194707054544689e-07 0.000000000000000000e+00 0.000000000000000000e+00 0.000000000000000000e+00
2.708371312751025144e-07 2.710568309211048488e-07 2.706349172799401318e-07 0.000000000000000000e+00 0.000000000000000000e+00 0.000000000000000000e+00
2.573438594830211961e-07 2.555437558619274788e-07 2.575382085303075552e-07 0.000000000000000000e+00 0.000000000000000000e+00 0.000000000000000000e+00
2.430991522964567081e-07 2.428286249024725732e-07 2.449348028928601948e-07 0.000000000000000000e+00 0.000000000000000000e+00 0.000000000000000000e+00
2.314137299455576820e-07 2.314024752663062841e-07 2.271627604828824290e-07 0.000000000000000000e+00 5.279450302628892052e-07 0.000000000000000000e+00
2.197199505818110913e-07 2.186701534083724091e-07 2.198726943863540425e-07 0.000000000000000000e+00 5.673117536442215178e-07 0.000000000000000000e+00
2.085795397296828066e-07 2.085456269161242469e-07 2.069628342603485516e-07 0.000000000000000000e+00 3.157093094891211283e-07 0.000000000000000000e+00
1.978775810767961981e-07 1.990996657750589217e-07 1.979669231177127250e-07 0.000000000000000000e+00 5.708307866856332305e-07 0.000000000000000000e+00
1.885798926847798328e-07 1.878648158595237838e-07 1.873110478015598650e-07 0.000000000000000000e+00 0.000000000000000000e+00 0.000000000000000000e+00
1.790263747844463292e-07 1.799572843008403999e-07 1.789133571507387840e-07 0.000000000000000000e+00 1.139246235095668336e-07 0.000000000000000000e+00
1.709372729319658124e-07 1.700744730835123002e-07 1.686660239945234728e-07 0.000000000000000000e+00 2.701695774929104327e-07 0.000000000000000000e+00
1.626159170437730432e-07 1.620726039301440986e-07 1.608906569767766142e-07 0.000000000000000000e+00 0.000000000000000000e+00 0.000000000000000000e+00
1.547558323819222712e-07 1.549395361048149215e-07 1.544907912915044165e-07 0.000000000000000000e+00 3.389587815677157705e-07 0.000000000000000000e+00
1.475328122565563614e-07 1.481867618555148526e-07 1.466973401755363510e-07 0.000000000000000000e+00 2.749654114651543993e-07 0.000000000000000000e+00
1.401939024403049113e-07 1.410118032106284197e-07 1.416334887639356056e-07 0.000000000000000000e+00 4.831087803567737294e-07 0.000000000000000000e+00
1.336802388966158536e-07 1.342490864879660666e-07 1.317037207953598771e-07 0.000000000000000000e+00 2.022951055508893538e-07 0.000000000000000000e+00
1.281423309147791614e-07 1.275571180917788387e-07 1.266861405147506888e-07 0.000000000000000000e+00 1.141303964283180130e-08 0.000000000000000000e+00
1.218973084245033482e-07 1.216268685784608014e-07 1.219605284650926072e-07 0.000000000000000000e+00 2.003810517401178935e-08 0.000000000000000000e+00
1.162427888655910447e-07 1.160784208635219561e-07 1.168428519009180582e-07 0.000000000000000000e+00 1.265559289208244082e-07 0.000000000000000000e+00
1.110427166326296905e-07 1.107541116696385386e-07 1.108231420503119420e-07 0.000000000000000000e+00 1.538436041847486628e-07 0.000000000000000000e+00
1.058250857612187559e-07 1.061461302622931073e-07 1.053441133247450533e-07 0.000000000000000000e+00 4.233249589680107658e-08 0.000000000000000000e+00
1.013093658152710626e-07 1.015270103061131441e-07 1.017458066610549004e-07 0.000000000000000000e+00 1.702805554279586469e-07 0.000000000000000000e+00
9.671759252792566748e-08 9.641100696986844513e-08 9.747100731429915736e-08 0.000000000000000000e+00 1.475718979276218222e-07 0.000000000000000000e+00
9.241188718837396759e-08 9.246941088262303239e-08 9.349382005632360023e-08 0.000000000000000000e+00 0.000000000000000000e+00 0.000000000000000000e+00
8.860918239004360561e-08 8.862242125838462414e-08 8.864016072777333178e-08 0.000000000000000000e+00 1.131681979234216586e-07 0.000000000000000000e+00
8.482275817546468841e-08 8.461508118561747293e-08 8.497594931210463494e-08 0.000000000000000000e+00 8.251854881902838444e-08 0.000000000000000000e+00
8.099928872010637902e-08 8.124326100455639085e-08 8.095289716122203494e-08 0.000000000000000000e+00 2.062356294145266471e-07 0.000000000000000000e+00
7.751638368156707643e-08 7.779852110999334623e-08 7.900701017075864979e-08 0.000000000000000000e+00 2.074241947522017795e-08 0.000000000000000000e+00
7.419262826745689523e-08 7.437426605658455396e-08 7.446379057643579523e-08 0.000000000000000000e+00 5.943949460652622598e-08 0.000000000000000000e+00
7.116578024426368151e-08 7.122628076251475761e-08 7.140150732554504776e-08 0.000000000000000000e+00 2.542705022500742960e-08 0.000000000000000000e+00
6.820377194546624530e-08 6.782962471355538296e-08 6.760465808961378861e-08 0.000000000000000000e+00 1.119214768663471576e-07 0.000000000000000000e+00
6.531111109020522432e-08 6.551337921225578672e-08 6.583319881614986944e-08 0.000000000000000000e+00 4.292142851271417326e-08 0.000000000000000000e+00
6.267289010612035682e-08 6.264229084278165497e-08 6.266083100859066453e-08 0.000000000000000000e+00 8.262317993544841572e-08 0.000000000000000000e+00
6.007274776999412949e-08 6.020638009391033636e-08 6.020517953340292105e-08 0.000000000000000000e+00 5.448306572435941024e-09 0.000000000000000000e+00
5.749941359474652669e-08 5.764697182558999783e-08 5.800029096320540494e-08 0.000000000000000000e+00 3.637902182997310924e-08 0.000000000000000000e+00
5.524123457314253422e-08 5.519721840682589244e-08 5.535949626033331207e-08 0.000000000000000000e+00 1.014154276891735070e-07 0.000000000000000000e+00
5.306839136596854369e-08 5.298215978888960006e-08 5.391604313403186147e-08 0.000000000000000000e+00 2.663533407188738236e-08 0.000000000000000000e+00
5.096744152841539029e-08 5.093460990012262014e-08 5.028769181297129488e-08 0.000000000000000000e+00 7.463190908287663208e-08 0.000000000000000000e+00
4.884454187105574882e-08 4.908218884448829095e-08 4.870002869572869761e-08 0.000000000000000000e+00 2.061703617195299894e-08 0.000000000000000000e+00
4.696825757966432397e-08 4.691381628861994535e-08 4.775129504463885467e-08 0.000000000000000000e+00 3.110440713201460371e-08 0.000000000000000000e+00
4.520023117815007905e-08 4.520970933806014913e-08 4.493906208094213377e-08 0.000000000000000000e+00 8.730250938691226571e-08 0.000000000000000000e+00
4.341665638273828968e-08 4.338831731539753171e-08 4.257796277615918622e-08 0.000000000000000000e+00 3.532025770693222919e-08 0.000000000000000000e+00
4.171263641759097603e-08 4.170017461668848359e-08 4.168072602153654704e-08 0.000000000000000000e+00 8.102413415548497545e-08 0.000000000000000000e+00
4.007157962214408301e-08 4.012914754833193877e-08 4.031975455190450071e-08 0.000000000000000000e+00 4.061159699980549398e-08 0.000000000000000000e+00
3.846287732512674332e-08 3.861503649177337653e-08 3.873930750535249789e-08 0.000000000000000000e+00 3.979288724908125281e-08 0.000000000000000000e+00
3.713483654009022539e-08 3.700526068082572333e-08 3.727607551390835211e-08 0.000000000000000000e+00 3.163117071342052928e-08 6.544985050002826121e-07
3.576672603665256875e-08 3.587145048677968552e-08 3.558956231165185222e-08 0.000000000000000000e+00 1.910946072559107775e-08 0.000000000000000000e+00
3.432845466176716856e-08 3.441378423098838308e-08 3.458777198620097157e-08 0.000000000000000000e+00 3.395293628686669880e-08 0.000000000000000000e+00
3.306863022735192580e-08 3.316085697670283427e-08 3.326830386196601684e-08 0.000000000000000000e+00 2.034931509027663943e-08 0.000000000000000000e+00
3.188798020821312035e-08 3.199740279352090066e-08 3.220595391661120369e-08 0.000000000000000000e+00 3.279152622374266895e-08 0.000000000000000000e+00
3.068789010596629786e-08 3.080176226458538916e-08 3.080189978167929736e-08 0.000000000000000000e+00 1.177525126175760585e-08 6.751406234298500625e-08
2.956374645352497920e-08 2.956716182223780244e-08 2.927082789489640241e-08 0.000000000000000000e+00 8.360651988391821557e-09 0.000000000000000000e+00
2.852021440678760469e-08 2.850448284899227322e-08 2.871998502598472777e-08 0.000000000000000000e+00 1.536442017024661388e-08 0.000000000000000000e+00
2.746763802340574903e-08 2.745984494390375011e-08 2.765049478878104696e-08 0.000000000000000000e+00 4.511723816129283044e-08 0.000000000000000000e+00
2.645563575948361347e-08 2.656272751216329570e-08 2.647947004453700164e-08 0.000000000000000000e+00 1.211920964841559908e-08 4.113858436010790787e-07
2.551182982018790773e-08 2.548968405050888944e-08 2.541039604091297619e-08 0.000000000000000000e+00 1.450108379314611597e-08 0.000000000000000000e+00
2.461915262151568834e-08 2.471502637174604982e-08 2.465706723149876503e-08 0.000000000000000000e+00 1.216269429474606766e-08 0.000000000000000000e+00
2.380093414149304350e-08 2.379377677152920052e-08 2.367284658032853035e-08 0.000000000000000000e+00 1.202515140064523274e-08 0.000000000000000000e+00
2.297073877322020350e-08 2.305411874376853062e-08 2.295901691278772696e-08 0.000000000000000000e+00 1.476344126059994446e-08 1.395911120137820251e-07
2.221344958509545557e-08 2.217355311004354300e-08 2.188452002188033302e-08 0.000000000000000000e+00 1.553984131486796557e-08 0.000000000000000000e+00
2.143224576452139159e-08 2.140395849361349661e-08 2.141389719590970704e-08 0.000000000000000000e+00 1.196300787991115635e-08 0.000000000000000000e+00
2.066805592730678361e-08 2.071246771603609622e-08 2.030447858143152710e-08 0.000000000000000000e+00 1.568673007304829350e-08 0.000000000000000000e+00
2.001183508103481932e-08 1.999712806786151176e-08 1.984926468735981792e-08 0.000000000000000000e+00 2.741062116768143285e-08 0.000000000000000000e+00
1.935357592760754463e-08 1.923170799309698521e-08 1.929225284926025933e-08 0.000000000000000000e+00 2.747734082763653564e-08 1.653305143001291549e-07
1.865825076617254605e-08 1.865640531453567127e-08 1.859980559341113786e-08 0.000000000000000000e+00 1.014672145497497474e-08 0.000000000000000000e+00
1.802974290874991892e-08 1.805875207490576402e-08 1.800942196793316715e-08 0.000000000000000000e+00 6.180739085708154966e-09 0.000000000000000000e+00
1.744565032853797817e-08 1.744957679440617275e-08 1.761945964271160798e-08 0.000000000000000000e+00 1.202246375200560674e-08 0.000000000000000000e+00
1.685066108517230707e-08 1.687100978633073034e-08 1.699258080026590621e-08 0.000000000000000000e+00 1.163595257628861848e-08 1.215426474070541320e-07
1.633470977794786498e-08 1.635108762765976835e-08 1.628904179680031111e-08 0.000000000000000000e+00 2.529871070276270964e-08 0.000000000000000000e+00
1.577288859328242910e-08 1.581154036240822316e-08 1.584147013989236198e-08 0.000000000000000000e+00 1.789809063683859607e-08 0.000000000000000000e+00
1.527581764868844513e-08 1.530555043121859752e-08 1.522037947095646133e-08 0.000000000000000000e+00 6.793694866100439312e-09 0.000000000000000000e+00
1.479207109844370819e-08 1.477555717812399661e-08 1.476654823815505478e-08 0.000000000000000000e+00 2.410865065967797644e-08 6.680125261500586517e-08
1.432690019622346006e-08 1.426270095374634553e-08 1.448167802422640970e-08 0.000000000000000000e+00 2.307366413066837218e-08 2.250179012414833710e-07
1.389017697771696279e-08 1.384910748021535844e-08 1.373583544285151776e-08 0.000000000000000000e+00 2.186638588247329449e-08 0.000000000000000000e+00
1.343680349388626347e-08 1.344445495877178031e-08 1.331132258461093781e-08 0.000000000000000000e+00 7.899925482759397763e-09 0.000000000000000000e+00
1.298523309438476051e-08 1.303221869498469879e-08 1.290215930637694526e-08 0.000000000000000000e+00 1.390028329805940256e-08 1.194514827155837870e-08
1.259975784716517270e-08 1.253822242643270960e-08 1.274187839883587745e-08 0.000000000000000000e+00 8.154233358251831894e-09 1.402895278289008925e-08
1.223263937075183019e-08 1.217075938500552299e-08 1.213707565184910424e-08 0.000000000000000000e+00 9.878953500892326432e-09 0.000000000000000000e+00
1.183659895730117164e-08 1.187026604807159154e-08 1.184276025607023952e-08 0.000000000000000000e+00 2.031753121739985980e-08 2.348528379059145184e-08
1.146919336527210620e-08 1.147039703834555240e-08 1.151382656457159699e-08 0.000000000000000000e+00 7.006398664447437011e-09 0.000000000000000000e+00
1.111555893240635734e-08 1.105799988115753417e-08 1.127520209024740983e-08 0.000000000000000000e+00 1.045896185874975088e-08 0.000000000000000000e+00
1.077769571941231059e-08 1.079686534900523087e-08 1.076572050124108408e-08 0.000000000000000000e+00 6.161103496634105754e-09 1.217592175615795435e-08
1.044317025831947831e-08 1.044203794994759131e-08 1.045384750637368291e-08 0.000000000000000000e+00 1.008578830237213939e-08 2.207071555616366095e-09
1.014318417486323293e-08 1.019556217288942857e-08 1.013136706214595970e-08 0.000000000000000000e+00 1.235667059863599435e-08 0.000000000000000000e+00
9.840995390527137981e-09 9.866053790605515640e-09 9.808970854600108709e-09 0.000000000000000000e+00 1.138745035515715194e-08 1.028158867461277882e-09
9.569884680756951950e-09 9.545668069133489085e-09 9.674783791761192936e-09 0.000000000000000000e+00 1.026793119342783424e-08 0.000000000000000000e+00
9.266231419534972997e-09 9.249704873539779637e-09 9.316124999443394120e-09 0.000000000000000000e+00 3.711464020164431141e-09 0.000000000000000000e+00
8.994497346741522044e-09 8.988148246637354563e-09 8.882620197853001995e-09 0.000000000000000000e+00 9.069352023466170715e-09 0.000000000000000000e+00
8.739606038320137121e-09 8.763283116841190179e-09 8.676656620314940682e-09 0.000000000000000000e+00 1.016782182586217398e-08 0.000000000000000000e+00
8.489346748160067061e-09 8.499381918714276302e-09 8.436823431585451296e-09 0.000000000000000000e+00 7.946285396401612600e-09 0.000000000000000000e+00
8.250297748119390859e-09 8.236371739411530953e-09 8.312274761277963428e-09 0.000000000000000000e+00 7.666233984933491550e-09 8.139783927010521828e-09
8.007651138268696360e-09 7.985716715562592783e-09 8.020216484113276235e-09 0.000000000000000000e+00 8.950841753718789192e-09 0.000000000000000000e+00
7.773798860138698405e-09 7.796887633597695036e-09 7.779668929055597006e-09 0.000000000000000000e+00 7.192275001654098970e-09 1.711636189685253187e-08
7.560422825211479381e-09 7.574311395453122702e-09 7.543486691185803023e-09 0.000000000000000000e+00 6.272335603437156424e-09 0.000000000000000000e+00
7.347196926292382723e-09 7.357312566146317907e-09 7.403329478045855775e-09 0.000000000000000000e+00 5.027190912862482093e-09 0.000000000000000000e+00
7.128745809760964205e-09 7.118650764018650309e-09 7.179941611770278035e-09 0.000000000000000000e+00 8.927401637403022906e-09 1.022138833164745944e-08
6.929404903628176695e-09 6.949124397258128546e-09 6.950794811480030704e-09 0.000000000000000000e+00 5.411507713860980481e-09 0.000000000000000000e+00
6.772828355626631792e-09 6.741271474950493945e-09 6.738148546594651164e-09 0.000000000000000000e+00 6.910844707202598194e-09 0.000000000000000000e+00
6.564141335194379059e-09 6.564195468959711213e-09 6.611844554031828018e-09 0.000000000000000000e+00 5.266033280869592637e-09 1.358400150660013232e-09
6.378456285589750216e-09 6.401599875188507287e-09 6.426474050755031114e-09 0.000000000000000000e+00 8.786899645168881221e-09 2.709924922817811273e-08
6.219376132298864386e-09 6.223857532717994322e-09 6.188747638759844492e-09 0.000000000000000000e+00 7.545052416072113570e-09 0.000000000000000000e+00
6.045682405150186649e-09 6.047416573168154284e-09 6.045733681003737995e-09 0.000000000000000000e+00 7.673175393008972158e-09 0.000000000000000000e+00
5.860757220798508420e-09 5.890073917710236883e-09 5.908070296827098892e-09 0.000000000000000000e+00 2.620868762797477399e-09 2.322709361608569518e-09
5.731183097309414535e-09 5.753329742706871321e-09 5.780125152017164792e-09 0.000000000000000000e+00 4.695898388029786838e-09 1.123054198388402626e-08
5.569296873267051681e-09 5.576942820256821099e-09 5.568577664390670695e-09 0.000000000000000000e+00 5.482229863446150440e-09 0.000000000000000000e+00
5.432337502503330094e-09 5.416228698037920576e-09 5.405841881731224623e-09 0.000000000000000000e+00 5.816952536023092632e-09 0.000000000000000000e+00
5.283642192837049797e-09 5.289068057563321397e-09 5.298584721943730979e-09 0.000000000000000000e+00 6.814958131970988129e-09 0.000000000000000000e+00
5.150966628748669013e-09 5.130199567666812875e-09 5.117039328729562306e-09 0.000000000000000000e+00 4.058337805915913012e-09 2.051930311764056853e-09
5.013601381577485624e-09 5.020574280116902337e-09 5.065355697825556663e-09 0.000000000000000000e+00 4.503309210061648768e-09 1.599141274024953940e-09
4.886446266605547254e-09 4.875894986343009594e-09 4.882051846902014509e-09 0.000000000000000000e+00 4.068982180200857999e-09 8.470802452139541640e-09
4.754806937956936741e-09 4.753156425030247773e-09 4.770887587905863312e-09 0.000000000000000000e+00 4.969003761103635854e-09 0.000000000000000000e+00
4.637022907619905368e-09 4.631018343200616197e-09 4.676154749983517281e-09 0.000000000000000000e+00 3.110209887911280736e-09 5.129157654620821746e-09
4.505899252883888371e-09 4.519416755680751665e-09 4.535604853381195701e-09 0.000000000000000000e+00 3.600834496645540718e-09 0.000000000000000000e+00
4.402248211327894400e-09 4.415206806533871442e-09 4.401010796410809691e-09 0.000000000000000000e+00 3.274361222062727378e-09 5.921490838562608259e-09
4.303666398905054796e-09 4.290022063959134683e-09 4.306253681933084641e-09 0.000000000000000000e+00 4.372526168385912229e-09 1.035749946424080273e-09
4.197580361195015264e-09 4.186716183222154417e-09 4.218063120616201634e-09 0.000000000000000000e+00 3.713249086205550945e-09 0.000000000000000000e+00
4.079154388684221413e-09 4.083645598001183294e-09 4.075651698225648170e-09 0.000000000000000000e+00 3.667288689968601274e-09 0.000000000000000000e+00
3.989112205721134704e-09 3.976708257040637401e-09 3.993114452065620380e-09 0.000000000000000000e+00 4.500802801169463061e-09 3.319948494829643511e-10
3.885881422324537936e-09 3.872852652027142098e-09 3.907325704889039703e-09 0.000000000000000000e+00 4.166059062289055601e-09 6.174857361122897414e-09
3.785951107218948391e-09 3.775380468143516437e-09 3.823154942693594199e-09 0.000000000000000000e+00 3.862720610491702319e-09 5.767336827588666568e-09
3.705719205137193255e-09 3.683382889454135245e-09 3.678104672478960482e-09 0.000000000000000000e+00 3.720031680771018009e-09 0.000000000000000000e+00
3.604264006202073420e-09 3.596589406285265400e-09 3.620906095942246126e-09 0.000000000000000000e+00 3.540217462131118620e-09 1.783710625795767631e-09
3.518622416545597003e-09 3.514318541027772355e-09 3.511542042556977032e-09 0.000000000000000000e+00 3.175682875498871825e-09 6.574728878822108121e-09
3.432579514942121511e-09 3.441679864438088112e-09 3.468946294543495395e-09 0.000000000000000000e+00 2.929991991280454604e-09 5.327127801231446638e-09
3.350861549979989079e-09 3.368752030319402683e-09 3.336631872103311995e-09 0.000000000000000000e+00 3.556986489495469059e-09 7.114118397030888692e-09
3.269360336317604327e-09 3.279780301353860687e-09 3.268586572493307658e-09 0.000000000000000000e+00 2.868093016651069933e-09 0.000000000000000000e+00
3.195177144628759400e-09 3.209779779892743115e-09 3.180018624706649000e-09 0.000000000000000000e+00 3.679104319999888387e-09 5.494586508253675430e-09
3.119065303087018002e-09 3.123502365517962206e-09 3.136730908539039706e-09 0.000000000000000000e+00 4.518360065244081847e-09 3.347565265371369923e-09
3.047479048024046269e-09 3.063074211168989621e-09 3.068091395918783845e-09 0.000000000000000000e+00 2.573367795861555320e-09 1.641137105998860510e-09
2.978130400101213464e-09 2.966094838594651668e-09 2.991919838337953289e-09 0.000000000000000000e+00 2.732709300435704102e-09 7.442340726834258522e-09
2.909710313816970974e-09 2.897972855057003573e-09 2.888480661606313178e-09 0.000000000000000000e+00 2.933974784000644294e-09 2.252830795046472961e-09
2.839189239876873256e-09 2.850549541513541856e-09 2.843024377640719222e-09 0.000000000000000000e+00 3.027005027215585424e-09 2.833166316125626005e-09
2.780485908818384448e-09 2.771258148014201185e-09 2.770920741381000129e-09 0.000000000000000000e+00 2.506395579995284767e-09 5.593152389864520598e-10
2.713174194983119956e-09 2.702049025832341279e-09 2.701330797806121867e-09 0.000000000000000000e+00 1.846114368225316643e-09 8.224630537606204331e-10
2.653306404000427734e-09 2.666169061581197986e-09 2.657739561626122592e-09 0.000000000000000000e+00 2.532396474514874055e-09 2.337615478095054506e-09
2.587465101017795750e-09 2.585030947526816831e-09 2.608905945730961588e-09 0.000000000000000000e+00 2.046735567763437441e-09 5.958993424979158948e-09
2.533880068777511472e-09 2.532706069288491603e-09 2.534377008397425046e-09 0.000000000000000000e+00 3.173324146376769044e-09 3.586765010815178133e-09
2.481085225870929666e-09 2.474893268774132611e-09 2.489213283000195725e-09 0.000000000000000000e+00 2.589697065044502230e-09 2.389698105161880347e-09
2.422559814649059175e-09 2.412621438315210618e-09 2.446267793365440105e-09 0.000000000000000000e+00 2.323587812252059810e-09 3.511601629287742252e-09
2.366215022057531814e-09 2.382545426072628672e-09 2.354665737062611897e-09 0.000000000000000000e+00 2.542347231780398198e-09 2.211346781732018127e-09
2.311077106301655623e-09 2.322295553762220460e-09 2.316526151539808369e-09 0.000000000000000000e+00 2.474842355234798477e-09 1.442973194067568820e-09
2.262938716745523775e-09 2.267797800827869331e-09 2.265528640115065242e-09 0.000000000000000000e+00 2.220578056340814607e-09 3.609238913244680930e-10
2.216469053592351108e-09 2.215529555933408680e-09 2.236217475378378860e-09 0.000000000000000000e+00 2.635693142125121243e-09 5.187723525042806015e-10
2.172192151432103983e-09 2.170419172191400236e-09 2.162709657804269749e-09 0.000000000000000000e+00 2.600767357862404546e-09 1.299639641853243900e-09
2.122506182814161384e-09 2.128433484897903139e-09 2.123134163507489206e-09 0.000000000000000000e+00 2.008528638336355360e-09 3.315804950627132350e-09
2.076523308793220664e-09 2.079974191027136281e-09 2.058954674418612022e-09 0.000000000000000000e+00 2.137561010597665662e-09 9.305629360549092099e-10
2.037209141282277326e-09 2.030804802404025851e-09 2.032757734010473468e-09 0.000000000000000000e+00 2.479758805702900528e-09 6.004750817758049686e-10
1.991548956221215761e-09 1.995297881181753229e-09 2.009839860398518203e-09 0.000000000000000000e+00 1.928256680341231250e-09 2.981994875005465038e-09
1.955880569011973629e-09 1.953320677591346177e-09 1.933800343191153974e-09 0.000000000000000000e+00 2.331845557418163380e-09 7.834117237919951718e-10
1.909154851489661773e-09 1.912079581187983218e-09 1.917605588297540661e-09 0.000000000000000000e+00 1.745084850466924463e-09 3.601135738340742984e-09
1.862556185656734765e-09 1.871484340369440091e-09 1.873694628070753130e-09 0.000000000000000000e+00 2.258553300643622244e-09 8.669009862980737714e-10
1.828470931911872891e-09 1.824727827645472589e-09 1.822449686018635485e-09 0.000000000000000000e+00 2.078961524061628627e-09 2.060868156587622938e-09
1.789525135572856553e-09 1.798967675146321763e-09 1.775357940926228960e-09 0.000000000000000000e+00 2.084539074783184831e-09 1.000236889562072440e-09
1.751002213079109492e-09 1.753380894007617930e-09 1.764629450713470954e-09 0.000000000000000000e+00 1.353260094499490431e-09 2.320987577796638009e-09
1.719663889849474009e-09 1.719288078517456899e-09 1.713735343606945093e-09 0.000000000000000000e+00 1.827656969545911779e-09 2.053213752977495905e-09
1.686554748944983858e-09 1.684121556312847478e-09 1.678573991734321585e-09 0.000000000000000000e+00 1.523642068164542719e-09 1.412338214912546035e-09
1.645654980013654326e-09 1.650692368124103702e-09 1.649826172679155677e-09 0.000000000000000000e+00 2.241457472759087333e-09 6.251383751241652623e-10
1.613436895620711665e-09 1.617897203113019069e-09 1.624554017742606798e-09 0.000000000000000000e+00 1.441004290233376985e-09 1.579644641437746949e-09
1.583833655482326892e-09 1.582370706001619276e-09 1.601183423538992556e-09 0.000000000000000000e+00 1.406887574561623165e-09 2.084970905919619170e-09
1.550908295490434690e-09 1.557778483722158304e-09 1.543331337621670510e-09 0.000000000000000000e+00 1.550525587591007300e-09 3.792107266736884242e-09
1.519379966874230515e-09 1.523071718003427543e-09 1.521779041833588471e-09 0.000000000000000000e+00 1.567264726179878308e-09 7.840538051930876222e-10
1.490855848465699987e-09 1.486980264698365291e-09 1.498637864589080876e-09 0.000000000000000000e+00 1.392086925722496511e-09 1.525692856427584006e-09
1.462434140058044423e-09 1.461750910437863470e-09 1.453012776380442005e-09 0.000000000000000000e+00 1.302651704219052466e-09 6.467714473852674819e-10
1.433833206185361924e-09 1.431111527715044899e-09 1.426794560521460074e-09 0.000000000000000000e+00 1.347209254740572207e-09 9.656090579822555280e-10
1.401373092013700067e-09 1.410672799064072757e-09 1.408016621771796782e-09 0.000000000000000000e+00 1.547308387324614351e-09 8.504315563279265230e-10
1.373085126974820877e-09 1.381106560453758176e-09 1.376095299986844504e-09 0.000000000000000000e+00 1.481091643966900516e-09 1.383762767059554820e-09
1.351215657687668829e-09 1.349166015326292701e-09 1.353026522483034937e-09 0.000000000000000000e+00 1.367077396411810441e-09 1.787165441856823499e-09
1.323634899787749610e-09 1.323040087598932704e-09 1.323092128366481663e-09 0.000000000000000000e+00 1.406823415284721068e-09 1.992236544183295995e-09
1.301731449707824979e-09 1.296668272153968158e-09 1.301719259769801157e-09 0.000000000000000000e+00 1.271837509751451144e-09 1.668154882109340649e-09
1.274207351538782246e-09 1.273209438266236445e-09 1.271211672640306947e-09 0.000000000000000000e+00 1.176973512611958072e-09 1.187969493969614930e-09
1.247287790871674678e-09 1.249913474155944024e-09 1.251637022788277566e-09 0.000000000000000000e+00 1.539701103655410913e-09 7.088802385857918169e-10
1.223142117125295816e-09 1.223089265330218044e-09 1.232059208081950118e-09 0.000000000000000000e+00 1.102299207971849717e-09 1.096983697510755881e-09
1.202466317104336010e-09 1.203088732625323775e-09 1.207333093825256334e-09 0.000000000000000000e+00 1.143085580008768928e-09 1.180546233223069738e-09
1.181379194577912212e-09 1.183537112970705617e-09 1.183154825877850472e-09 0.000000000000000000e+00 1.187893969621609148e-09 1.475026980431928499e-09
1.156439213361922971e-09 1.155888031091944934e-09 1.157338755330647245e-09 0.000000000000000000e+00 9.530195830002290324e-10 5.964127831965741177e-10
1.135835276521418020e-09 1.139670924424845128e-09 1.136327831005484145e-09 0.000000000000000000e+00 1.188992013916025330e-09 1.003836736673691353e-09
1.113710699294573228e-09 1.119709692468063051e-09 1.117729277986751292e-09 0.000000000000000000e+00 1.082689053485546387e-09 9.708859191216878037e-10
1.095751045340927316e-09 1.096566685686214650e-09 1.100546578811007026e-09 0.000000000000000000e+00 1.039050586529889015e-09 1.682881955476527177e-09
1.074148925329468857e-09 1.077694964863539723e-09 1.073416487981051350e-09 0.000000000000000000e+00 1.034075275928534798e-09 1.905132643177668287e-09
1.054968231731535007e-09 1.054905183333775335e-09 1.063027401279376055e-09 0.000000000000000000e+00 9.713095743773210769e-10 1.192582482655535263e-09
1.037302278105000094e-09 1.032101177975509227e-09 1.039682545134911231e-09 0.000000000000000000e+00 1.107333705811551038e-09 1.076010116056598002e-09
1.017699758366490010e-09 1.019653013315282879e-09 1.014800263122472779e-09 0.000000000000000000e+00 9.131546678105782520e-10 1.324705123649640643e-09
9.995138769768137946e-10 1.001585404505506421e-09 9.977982238708087772e-10 0.000000000000000000e+00 1.130291829276642669e-09 5.960638323085562528e-10
9.822851625671935717e-10 9.811396446789943196e-10 9.843447409497794870e-10 3.799200094004580757e-09 9.512313252774076749e-10 9.711805191619795896e-10
9.634730905543496623e-10 9.646555168437771415e-10 9.715665149793542665e-10 0.000000000000000000e+00 7.700025890731437999e-10 4.288649439911980910e-10
9.461268072928576532e-10 9.475213551418207253e-10 9.436835785006280364e-10 0.000000000000000000e+00 9.484602000140450222e-10 1.219403387352891503e-09
9.263790321119784067e-10 9.270713398416283700e-10 9.316250217572500466e-10 7.141667263307571847e-09 8.564976317000326366e-10 5.564433413059645212e-10
9.136946171581976169e-10 9.121511837797374776e-10 9.058783439867837259e-10 0.000000000000000000e+00 9.302246771558890615e-10 1.161556804530060500e-09
8.975616089849835104e-10 8.976815479670349244e-10 8.991616065635119162e-10 4.813974975350973569e-09 8.207622587104669946e-10 1.036572525506878131e-09
8.790313058157244046e-10 8.843930178607081675e-10 8.821874930806865572e-10 0.000000000000000000e+00 9.381541459173353064e-10 6.099855431244383606e-10
8.653094039972806182e-10 8.680609604893801455e-10 8.656151806246152361e-10 0.000000000000000000e+00 9.872719019779973246e-10 1.061800714162999486e-09
8.526005576731927858e-10 8.499159416588959386e-10 8.468416888554061204e-10 0.000000000000000000e+00 7.283183854816879147e-10 8.957089841682133652e-10
8.366467243890564879e-10 8.349105742862824512e-10 8.385013845380903690e-10 0.000000000000000000e+00 8.742562647676262992e-10 1.051308681841941050e-09
8.209990011069935314e-10 8.242523002803222362e-10 8.260714453119509513e-10 0.000000000000000000e+00 7.944894021782237322e-10 3.839103944083219188e-10
8.069786960879530401e-10 8.108910160397772504e-10 8.097829563368332651e-10 0.000000000000000000e+00 7.481978467926573209e-10 3.602691712216214415e-10
7.956465054384587472e-10 7.917799997548583353e-10 7.950826384995422238e-10 5.863751272764919246e-09 8.023166494992279008e-10 2.214009148082895427e-10
7.816616538011753042e-10 7.813900990653701336e-10 7.791449600024864315e-10 0.000000000000000000e+00 8.411082821127544185e-10 7.796378544069053661e-10
7.692261960746894371e-10 7.677783475508993599e-10 7.694672437113679578e-10 0.000000000000000000e+00 7.691993653899425105e-10 6.851352966699239079e-10
7.557404596861138053e-10 7.540459234953211810e-10 7.538962094702355099e-10 0.000000000000000000e+00 6.375387045167174250e-10 2.797159602149511915e-10
7.425716701674347417e-10 7.417776981705087031e-10 7.440293424147790778e-10 0.000000000000000000e+00 7.027138268684573073e-10 9.705665031159538096e-10
7.307070237865359008e-10 7.292575503726927050e-10 7.281050806463559161e-10 0.000000000000000000e+00 6.810395527894571517e-10 5.370622652799163297e-10
7.183936878554522008e-10 7.208206599122572737e-10 7.224432636744701646e-10 0.000000000000000000e+00 7.032825591984575449e-10 1.270312727327999301e-09
7.071343081386927503e-10 7.051559498258126420e-10 7.104452464395756896e-10 0.000000000000000000e+00 6.687982012216677527e-10 6.678900263525528644e-10
6.941038014141990365e-10 6.968090751227753274e-10 6.920402944943045715e-10 0.000000000000000000e+00 7.558598732943883961e-10 8.407885839446485976e-10
6.836860315472328982e-10 6.819006350273103278e-10 6.847658814380899465e-10 0.000000000000000000e+00 6.378600701179508985e-10 4.989975839750941962e-10
6.710608537800385056e-10 6.719384002726658869e-10 6.671441081329179490e-10 0.000000000000000000e+00 7.115155336973826512e-10 1.047876551127401722e-09
6.622515976010393836e-10 6.594032308436157954e-10 6.611680939490816062e-10 0.000000000000000000e+00 7.226319397363235380e-10 3.948440648067490159e-10
6.504308513814669572e-10 6.508791829051921051e-10 6.482558250795597883e-10 0.000000000000000000e+00 6.201411021520968204e-10 6.431403571962457384e-10
6.400434791655708940e-10 6.412217335622765081e-10 6.403723678519100145e-10 0.000000000000000000e+00 6.394303469932871279e-10 6.384147243492305708e-10
6.292265585466483032e-10 6.303117872689910152e-10 6.286090616245113930e-10 0.000000000000000000e+00 5.582209392867067634e-10 4.404574343172289884e-10
6.203779609019809973e-10 6.180778545128573711e-10 6.142555727331812650e-10 0.000000000000000000e+00 6.532310493351066930e-10 6.240299737520636882e-10
6.089770119206551885e-10 6.122813469203591151e-10 6.097383987075992718e-10 0.000000000000000000e+00 6.747085976858197628e-10 3.569037075854832237e-10
5.993520025828472882e-10 6.017415115860964264e-10 5.973411234795018000e-10 3.629912344228108070e-09 5.869531078473841791e-10 6.194522593416380613e-10
5.910507397555539937e-10 5.904291512585081889e-10 5.932882752467915006e-10 0.000000000000000000e+00 5.989375071171412249e-10 4.090650574756632825e-10
5.825736917476857922e-10 5.819118277786377880e-10 5.821117011613396525e-10 0.000000000000000000e+00 4.728939848914095658e-10 5.756547129958337988e-10
5.726898991443068683e-10 5.685375449845884944e-10 5.735892748684493911e-10 0.000000000000000000e+00 5.539521786507426140e-10 6.729566622272692375e-10
5.641738725795127991e-10 5.637097192640636170e-10 5.614127852997488782e-10 0.000000000000000000e+00 5.764706758154496238e-10 8.468584220246572110e-10
5.556684999510097554e-10 5.564179495232234302e-10 5.527103952200460167e-10 3.688468658914945841e-09 5.757287486480735336e-10 4.289037743503610412e-10
5.480153510387062071e-10 5.448359260613608166e-10 5.458136958877063685e-10 0.000000000000000000e+00 5.170496950880862299e-10 5.542884674327973689e-10
5.388397340953211778e-10 5.392244331930007210e-10 5.370209263108096017e-10 8.123061793375464118e-10 4.903394715599716464e-10 5.961743722640543899e-10
5.299402259860904884e-10 5.283596798723772447e-10 5.282639264320804276e-10 0.000000000000000000e+00 5.898130084009913452e-10 4.264170954539083779e-10
5.215711573089625609e-10 5.227070509932766575e-10 5.217364231039749577e-10 0.000000000000000000e+00 4.753150221126502140e-10 7.126226452635418747e-10
5.144458796611150287e-10 5.146178688533373684e-10 5.165452082291055734e-10 0.000000000000000000e+00 4.601323128247925246e-10 8.012928514985557695e-10
5.057875187008177048e-10 5.060406060218089196e-10 5.078489377158625326e-10 4.435669385749182648e-10 5.645827911619500659e-10 4.787680964570374810e-10
4.985073480408471738e-10 5.001148037667585383e-10 5.012821319818302697e-10 0.000000000000000000e+00 5.358023553325328066e-10 6.675536405458012903e-10
4.899908353616564725e-10 4.924055678968950221e-10 4.913121873422776537e-10 0.000000000000000000e+00 5.232277814112953365e-10 4.224063125677599530e-10
4.836319272144197896e-10 4.854452112241753772e-10 4.864922604173823907e-10 0.000000000000000000e+00 5.043654152977736809e-10 6.600744197212059288e-10
4.759026436632713491e-10 4.770149314070655822e-10 4.796401727485300374e-10 0.000000000000000000e+00 4.630165200372317889e-10 6.068739509115287490e-10
4.707472871806388175e-10 4.691613493483621860e-10 4.698967215830285496e-10 4.138540801774689128e-10 4.817007318780164349e-10 5.288515742095553825e-10
4.627740136801195367e-10 4.613618909038540927e-10 4.627120615545041602e-10 0.000000000000000000e+00 4.998050301756233083e-10 3.836514068481202877e-10
4.558594540695464231e-10 4.553944368461990124e-10 4.541654039316516203e-10 0.000000000000000000e+00 4.573959535021344350e-10 4.754342481179605078e-10
4.489242643729467014e-10 4.494261773139647533e-10 4.496037003602778118e-10 1.287323224047420514e-09 4.371519023540701731e-10 5.007698148226565314e-10
4.428979367192795943e-10 4.423940777219948312e-10 4.431067296673282701e-10 3.227070121757946179e-11 4.748860189035414448e-10 5.410868844119557718e-10
4.364237148836059000e-10 4.372355549403502290e-10 4.374606403538688631e-10 0.000000000000000000e+00 4.830798340516207184e-10 5.110107596103582792e-10
4.303824217569871897e-10 4.294304063869236308e-10 4.316124421610516231e-10 0.000000000000000000e+00 4.089721841540622903e-10 5.112145528923793266e-10
4.253770131844999829e-10 4.235133340620060196e-10 4.275928996430742158e-10 0.000000000000000000e+00 4.382629837683161819e-10 4.742154812313581915e-10
4.184125721989329219e-10 4.179399904776759310e-10 4.149885372404973430e-10 0.000000000000000000e+00 4.169844234087433556e-10 4.275090300787239433e-10
4.124186749842516186e-10 4.121453346957834644e-10 4.121569544458136320e-10 1.646176333299616623e-09 4.164692358120697952e-10 5.569983747006259022e-10
4.075859514041167426e-10 4.069171859322843516e-10 4.067818720564854866e-10 0.000000000000000000e+00 4.133378198334572644e-10 3.152178342763861698e-10
4.008968210795230503e-10 4.013992257082427323e-10 4.004865954648079440e-10 3.576049530514128368e-09 3.890192298693817700e-10 3.574853528208712181e-10
3.953190463024816131e-10 3.966238340815490476e-10 3.949398284249425971e-10 0.000000000000000000e+00 4.084781344704155366e-10 4.599561457976408797e-10
3.894101881126420255e-10 3.904856125738647060e-10 3.871756862433850790e-10 0.000000000000000000e+00 3.901451505744235789e-10 4.295196922376954512e-10
3.829812893108372258e-10 3.843961049702174710e-10 3.854413181287326330e-10 6.612933935312108776e-10 3.535641648576867409e-10 3.524093492655325054e-10
3.781560303220488760e-10 3.786110134004856797e-10 3.791192093139780446e-10 3.256081076576406919e-10 4.075700285533166322e-10 4.611595983229687678e-10
3.726932107460178183e-10 3.738173705225055153e-10 3.751618465681525897e-10 0.000000000000000000e+00 3.348941734686250799e-10 2.881199763446181984e-10
3.694505317757420024e-10 3.682027513908413634e-10 3.688069937612466210e-10 1.087531670374171285e-09 3.416369218162156571e-10 2.890568763837599126e-10
3.634080304882274870e-10 3.623892668618076900e-10 3.647272837301898654e-10 5.351921219693974573e-11 3.687115763922553966e-10 4.045719645748777575e-10
3.583044868626044779e-10 3.575627946305602992e-10 3.560420815767830100e-10 0.000000000000000000e+00 3.051064513451104469e-10 3.721777770397640234e-10
3.539337427188705019e-10 3.523313638581252888e-10 3.497119276529871363e-10 0.000000000000000000e+00 3.350103312546399831e-10 4.523223598722088288e-10
3.491252540050271135e-10 3.485794098489561046e-10 3.481650198910873444e-10 0.000000000000000000e+00 3.239909293240988738e-10 3.900987755203945223e-10
3.435302923735256993e-10 3.455749051459346769e-10 3.436634299140263706e-10 4.669954866633555615e-10 3.124115277679818484e-10 2.596314302886792848e-10
3.387140255411281695e-10 3.400871261724316604e-10 3.399073465627246361e-10 0.000000000000000000e+00 2.988450258176169810e-10 2.923654947664438849e-10
3.359183912503374981e-10 3.341365575346134397e-10 3.357386121165970225e-10 0.000000000000000000e+00 3.348977355223223636e-10 2.659867904816429196e-10
3.298682692502647575e-10 3.292990321036960335e-10 3.322679626380348891e-10 2.407968948896761905e-10 3.351032171003416102e-10 2.784771274278783585e-10
3.259475022140957089e-10 3.252981995361620890e-10 3.266939985259418343e-10 1.774865109771097231e-09 2.753607542099723299e-10 4.660434856136346212e-10
3.214169597145078298e-10 3.211069246213803491e-10 3.208077413394850141e-10 1.939201626373608509e-10 3.239933146863278560e-10 2.674440231004823451e-10
3.170447150055805603e-10 3.166737569235095951e-10 3.162121446999077951e-10 2.527131336656107497e-10 3.021734959487908547e-10 3.552593038315619180e-10
3.132047018819023916e-10 3.119291016277599235e-10 3.141053575089108163e-10 2.768751773022398913e-11 3.149100728973765981e-10 3.079227752292513109e-10
3.097634630644442075e-10 3.093559139440217526e-10 3.085988741716263371e-10 0.000000000000000000e+00 3.181581449428803596e-10 3.169261759716421037e-10
3.060867998753293421e-10 3.058433753950970718e-10 3.040297444658885841e-10 5.661351099329780048e-10 2.995566991123695765e-10 2.714912256873799421e-10
3.007520419325915507e-10 2.992748540484274585e-10 3.020938598334730001e-10 1.408019271018629516e-10 3.191596485294037248e-10 3.062066228602631293e-10
2.966387888855205441e-10 2.972031650669935162e-10 2.963832311558602912e-10 0.000000000000000000e+00 2.777295130761033081e-10 3.376187604587694908e-10
2.938748653003157273e-10 2.922172596216223540e-10 2.925875458015712486e-10 0.000000000000000000e+00 3.150628358807094447e-10 2.901738612103394321e-10
2.884247164672937468e-10 2.901980825950260741e-10 2.884811593609687710e-10 6.227649697278099539e-10 3.086970426588816852e-10 3.187593331386017008e-10
2.854007943826852335e-10 2.854682622844379338e-10 2.862829154290643498e-10 4.004275211378827274e-10 3.009111740344968602e-10 3.390513002867836046e-10
2.819657856321938761e-10 2.802492293820357206e-10 2.840698574785221710e-10 8.578290634440847147e-11 2.899229514819886526e-10 2.767278798600237742e-10
2.788751924633661977e-10 2.778711258432173594e-10 2.754074134263418720e-10 2.377762381465273342e-10 2.731186967707079642e-10 3.690896956901238681e-10
2.745148319925417921e-10 2.742571811310223970e-10 2.753100109522920903e-10 4.398028380251000906e-10 2.808559529097806351e-10 2.421157462369724595e-10
2.715805271259374805e-10 2.714282955143032856e-10 2.710860313869909509e-10 0.000000000000000000e+00 2.585854812930575842e-10 2.553962973899027418e-10
2.681449294461375494e-10 2.695026976050004681e-10 2.687655450927786971e-10 6.152292987697012792e-11 2.420760898602277351e-10 4.002440229432599673e-10
2.651156218209867715e-10 2.638634640802411110e-10 2.632672430349817305e-10 9.928860475853988166e-11 2.539903537151658918e-10 2.771202531209927220e-10
2.613024756763493774e-10 2.614474588826152898e-10 2.605431761643745241e-10 2.018851077206888503e-10 2.825146216015612462e-10 2.745329862821376964e-10
2.577225590076702909e-10 2.577685861690936341e-10 2.584429506317790952e-10 0.000000000000000000e+00 2.342785603345265611e-10 2.552855162713881114e-10
2.554749981338680159e-10 2.546827894664178541e-10 2.540621039266025832e-10 1.907277954926918018e-10 2.603381381000633671e-10 2.725545324625860854e-10
2.524890709197005749e-10 2.522181786496684843e-10 2.503528909720799289e-10 5.341919305897944674e-10 2.619178383219134827e-10 2.282484195829203673e-10
2.488079595031918118e-10 2.486597863793990702e-10 2.492604446588723105e-10 4.605729687090347157e-10 2.351993933548366800e-10 2.213006907985033450e-10
2.448128613443911901e-10 2.451218220659305414e-10 2.480623416052853241e-10 6.080703450397018121e-10 2.474373991726574917e-10 2.680143395955407708e-10
2.425120135495608757e-10 2.424146476458596176e-10 2.414821777374072039e-10 0.000000000000000000e+00 2.364909653227144189e-10 1.862881420322280269e-10
2.395100082300033467e-10 2.394622372761686052e-10 2.409247456039496125e-10 6.690094443515060723e-10 2.123480910405864556e-10 3.156045318593693502e-10
2.366939597399738589e-10 2.371429827216350003e-10 2.375586497938796075e-10 2.613088778474294171e-10 2.289666844883992904e-10 2.881910988159325227e-10
2.343066729296689961e-10 2.340909328376786828e-10 2.335211420410902343e-10 9.352970387297905904e-11 1.984925914492177837e-10 1.474352855026146850e-10
2.311335556826955771e-10 2.312548432564264684e-10 2.298204210794043160e-10 2.108735107806623415e-11 2.119983993842224005e-10 2.451903919112031197e-10
2.282619324213142338e-10 2.288386909794053567e-10 2.288880031022989658e-10 1.450099501368811584e-10 2.471917920900231537e-10 1.968500201894239816e-10
2.253034185105575445e-10 2.254603555750325883e-10 2.244012235173848878e-10 1.917208119980031488e-10 2.301695140544726955e-10 2.288610879586125155e-10
2.227048599565589346e-10 2.233825753859355665e-10 2.227358971612092308e-10 4.877338397952933476e-10 2.263778985468278671e-10 2.187161221501658441e-10
2.204923631108669463e-10 2.212223544946233633e-10 2.192526086048343334e-10 8.621185470077163665e-11 2.230211456200781661e-10 2.091602018820155118e-10
2.175897632930567985e-10 2.172052126141687002e-10 2.191379862029196499e-10 2.029549499825992950e-11 2.028872261921186149e-10 2.136415084470849590e-10
2.141153891529719069e-10 2.150607280735972692e-10 2.160800160193429737e-10 0.000000000000000000e+00 2.006132593456298386e-10 2.180164357365869428e-10
2.127013697961293201e-10 2.126427722318924586e-10 2.133611463829868753e-10 5.342612661381565776e-11 2.179649174774012200e-10 1.826792938324948167e-10
2.105077680106048006e-10 2.101831469968651977e-10 2.101482075983614120e-10 1.901439863152446473e-10 2.090636256507455649e-10 2.357070701034695232e-10
2.076250553482153336e-10 2.073006587369189511e-10 2.063961572390653340e-10 8.783105812104831718e-11 2.217797549068405958e-10 1.780736168752622487e-10
2.060477555970930664e-10 2.054350887181591110e-10 2.042968206366517928e-10 2.594756327699190644e-10 1.893636597117990290e-10 2.416768181122978309e-10
2.023484986980864409e-10 2.029469834477298121e-10 2.025039349611842156e-10 2.883354205798831056e-10 2.083387326640668444e-10 2.457743275473624121e-10
2.010920359479639155e-10 1.996378557048017524e-10 2.003350966046582641e-10 1.464413195547200166e-10 2.027591304066854498e-10 1.514472782917858900e-10
1.981915734202069106e-10 1.981270251939266786e-10 1.967263104206152197e-10 1.297444596188577906e-10 2.027083909069847281e-10 2.168095315312306336e-10
1.964080814455860602e-10 1.954234570753257881e-10 1.961473637153353753e-10 2.773426839621969870e-10 1.869560997339122730e-10 2.065539391025347295e-10
1.937604941738776032e-10 1.935808016650924864e-10 1.936430892418475092e-10 1.171083564413116983e-11 2.057720778079450517e-10 2.177086171828345355e-10
1.919389954101887908e-10 1.912255956320418221e-10 1.912970941382642901e-10 4.517478500490198640e-10 1.948076720176439927e-10 1.767422698518079376e-10
1.892335172540288818e-10 1.893441524186302223e-10 1.899391183915329280e-10 1.529094180453256252e-10 1.821598418204823362e-10 2.009237005365532176e-10
1.864963186269582459e-10 1.869860241464486286e-10 1.875229967272736217e-10 1.379496612912110323e-10 1.930665374469229672e-10 2.074527349342730302e-10
1.851301248235670016e-10 1.848595948707335655e-10 1.833014307671253497e-10 1.586571631335015437e-10 1.767677860346499001e-10 1.984423224995827600e-10
1.826156613280245283e-10 1.832882912301631833e-10 1.829002423256734219e-10 4.623905010858296600e-11 1.796313574758328096e-10 1.406795159666079635e-10
1.808820809554882537e-10 1.809286306967686741e-10 1.807083857290141330e-10 2.209673508601866917e-10 1.793193292277020152e-10 1.480431881476477249e-10
1.790803309544803098e-10 1.785367755129875769e-10 1.804038378778005541e-10 4.040217125151115503e-10 1.881621645410000135e-10 1.597904773568100011e-10
1.768853588212777919e-10 1.765691094576221773e-10 1.771867350287930390e-10 7.115192567926300014e-11 1.748651498019551684e-10 1.809931081712124258e-10
1.754148099873029483e-10 1.748006825871824549e-10 1.752123659271807484e-10 2.405089917701963187e-10 1.842922072041906250e-10 1.705029571082431233e-10
1.733641106052933332e-10 1.730485839126801743e-10 1.727086140117268671e-10 3.578123064191650930e-10 1.750394433493299715e-10 1.559780739554574358e-10
1.712038992090016019e-10 1.712676462019803594e-10 1.719771942146408636e-10 8.096288167259651788e-11 1.712521187058143963e-10 1.843592393414546806e-10
1.697903632159185405e-10 1.691648122537176450e-10 1.680099126938840476e-10 9.017349927750470472e-11 1.687127668603534878e-10 1.678915048638483565e-10
1.671601365974369315e-10 1.673625373327443245e-10 1.681555946013165103e-10 1.665524826606398492e-10 1.775312428160538308e-10 1.535655912422624480e-10
1.659197733661696950e-10 1.659068676146800132e-10 1.656592117888967970e-10 3.956558682224188239e-11 1.733503909342495075e-10 1.669580386725532876e-10
1.641628125719680446e-10 1.638314369743347702e-10 1.628704936565130597e-10 1.870139120876889437e-10 1.591932282772399195e-10 1.547037832833046672e-10
1.624554458630818808e-10 1.619503093055035570e-10 1.608542635952517617e-10 5.367517259371406153e-11 1.710312351447805939e-10 1.998019064870566619e-10
1.603429282974377817e-10 1.607718922993477822e-10 1.608462412911238518e-10 1.997102982885351818e-10 1.636671577571212797e-10 1.459717559737565772e-10
1.587668351611339820e-10 1.583483584441901696e-10 1.602292620377672049e-10 1.956539464937572206e-10 1.631922591177158656e-10 1.794387632681392999e-10
1.565805167896641503e-10 1.571188384558303980e-10 1.567638724638969715e-10 2.519121956105839569e-10 1.570444499041385345e-10 1.429252392099820369e-10
1.555353011129142459e-10 1.551281837936335301e-10 1.561912999259153326e-10 2.787330990551656465e-10 1.475688440641822287e-10 1.744886018511633929e-10
1.542780053291423402e-10 1.537628251431903308e-10 1.528731008906557036e-10 4.998230427475137693e-12 1.520203498361915789e-10 1.609322395462908985e-10
1.523471448909916015e-10 1.518367269694031256e-10 1.526485610964538870e-10 1.940755808366548272e-10 1.531636640627354581e-10 1.554858672608938990e-10
1.504386225760461154e-10 1.506050842749046779e-10 1.503408157779780291e-10 3.033605886596430151e-10 1.523954469358754342e-10 1.084788271569699786e-10
1.489174697733799525e-10 1.492228028981308193e-10 1.490148633034253651e-10 1.245225611702239201e-10 1.472549036123087405e-10 1.600541356747930525e-10
1.473616144532780024e-10 1.467776752740967826e-10 1.474363701477863325e-10 3.248812659808054427e-10 1.474617416220195198e-10 1.079766286307944969e-10
1.458740575326116109e-10 1.460439006897472645e-10 1.457837861502781033e-10 1.809401833958730603e-10 1.480396619654118422e-10 1.102357670063044907e-10
1.444051435178353452e-10 1.443071226514798474e-10 1.443298025200923009e-10 1.658056418985947124e-10 1.450365820957270551e-10 1.301207228938770663e-10
1.430117791976166587e-10 1.429138356426019777e-10 1.429732201975549473e-10 1.252402279246015576e-10 1.484752575249968615e-10 1.533375879060051543e-10
1.412096106128257433e-10 1.414625386121990339e-10 1.422818112416603674e-10 2.405183150839324174e-10 1.365895237521072312e-10 1.305061423055912333e-10
1.400656971909271454e-10 1.393772868643282969e-10 1.400606052359236843e-10 2.067693365242096398e-10 1.306760657778230343e-10 1.329609260487884344e-10
1.386774295562554795e-10 1.383165917330764071e-10 1.375195149856487960e-10 1.697321062406023406e-11 1.503781620964796977e-10 1.395042701542482519e-10
1.369084433130027736e-10 1.374620070231393288e-10 1.372372105231014336e-10 1.282801486636751329e-10 1.371033121641829400e-10 1.304623560210501932e-10
1.352966096181854575e-10 1.362643193110020954e-10 1.361802337596129464e-10 1.587636813508344155e-10 1.389670275521840129e-10 1.219249743662711480e-10
1.343405519971444759e-10 1.343385068750700808e-10 1.341686901312613561e-10 2.097979428456278547e-10 1.422618545854586684e-10 1.302268127754944069e-10
1.327808546765459770e-10 1.332987216140034761e-10 1.327734876737461834e-10 1.092131448043491569e-10 1.385880122880083911e-10 1.195635079751600063e-10
1.317238388029338202e-10 1.315529112667466005e-10 1.317071373844189274e-10 2.230063741104536353e-10 1.268819381605444604e-10 1.309759325142692249e-10
1.299851220079861931e-10 1.305659524737764691e-10 1.308518756790012571e-10 9.046823566834824222e-11 1.253319871485788651e-10 1.202527894541100580e-10
1.292138238278531642e-10 1.286085161530417826e-10 1.293468033920882316e-10 4.771443062637860336e-11 1.223616756302725122e-10 1.249727461068715844e-10
1.278522438446148517e-10 1.276079019685901458e-10 1.276993683921598719e-10 7.466136082120511196e-11 1.326946814393389819e-10 1.058096439051551823e-10
1.260167009097431925e-10 1.262240484188263745e-10 1.272577261580438947e-10 7.067093131003012513e-11 1.374226047568754623e-10 1.280899687060497585e-10
1.251966716754446840e-10 1.258707955609229356e-10 1.244180854238840469e-10 5.480412744129617012e-11 1.233434643246714603e-10 1.083582928493556937e-10
1.239361402980300552e-10 1.238387488777515498e-10 1.233054094590156449e-10 1.719843061638255772e-10 1.282396742779553756e-10 9.975004723235387017e-11
1.229951444793765006e-10 1.226809822220008990e-10 1.234630328417132437e-10 3.926911561757815395e-11 1.189086358858484492e-10 1.266359430907435798e-10
1.218184433455600632e-10 1.209822544662688650e-10 1.210454065280936184e-10 7.514044359223476053e-11 1.215688936158513213e-10 1.279013829414470342e-10
1.202847985539000045e-10 1.208864306845584443e-10 1.196465966088963549e-10 6.129044720149488543e-11 1.194248052687390526e-10 1.190669341677783455e-10
1.189404073402579411e-10 1.192424426831714092e-10 1.189581369093763920e-10 5.252438449656052906e-11 1.176732013959984224e-10 1.175354853199715426e-10
1.180707778238025250e-10 1.178890676560291669e-10 1.178012159739915809e-10 1.116304925798591085e-10 1.213296894679104081e-10 1.040209932954540687e-10
1.172152366858321185e-10 1.166247329536063270e-10 1.158888395186472413e-10 4.929862016843081220e-11 1.172626671298600528e-10 1.227287264818338704e-10
1.157396345179397362e-10 1.162379375707272050e-10 1.157913275322147191e-10 2.521992962866530691e-11 1.091129884431377192e-10 1.104881315400555314e-10
1.142907646123678064e-10 1.148070754678347949e-10 1.146923169968080716e-10 7.726184319356079083e-11 1.121492619082941907e-10 1.263099567784743327e-10
1.135935896777597951e-10 1.135246494496754801e-10 1.135944675269197684e-10 1.160494067081841889e-10 1.085803397975277224e-10 1.450806095086269617e-10
1.123479259060926246e-10 1.122652614251827142e-10 1.122246301193001224e-10 9.975147796212732061e-11 1.118069522708456199e-10 1.044878876672690428e-10
1.114868436315430928e-10 1.113720123923254804e-10 1.111332577445909142e-10 1.239119278702977342e-10 1.099431041968254738e-10 1.070273276649429059e-10
1.105660138188523431e-10 1.102095293911345945e-10 1.099836696223787283e-10 1.557742839789425536e-10 1.167474519781860194e-10 9.606501382246223958e-11
1.091760146918743670e-10 1.095031125876688731e-10 1.085085258028954592e-10 1.453556405130110242e-10 1.125236419654415686e-10 9.687234113656277391e-11
1.084444728597426539e-10 1.081879210370728637e-10 1.080596929653165852e-10 1.009762162961716013e-10 1.129568535524485496e-10 1.222023351081551180e-10
1.070014688563012343e-10 1.073936004914188261e-10 1.065432047439184370e-10 2.854948069501831546e-10 1.065899411633542142e-10 1.118216732705801724e-10
1.059508827248966523e-10 1.062285110905951902e-10 1.067431156353276690e-10 4.233648854000541884e-11 1.064025760263622620e-10 9.294425751204598225e-11
1.051724053871232240e-10 1.051194939065685797e-10 1.050297182091863677e-10 7.111199983583193720e-11 1.077587745180222346e-10 9.808704495252687772e-11
1.041762842734833164e-10 1.043617438787746656e-10 1.045224469996193437e-10 1.408127580384333755e-10 1.018263745651736863e-10 1.153915342332709769e-10
1.032884052563129146e-10 1.029355643595603618e-10 1.031932422516435727e-10 5.278455730984469154e-11 9.815500855532281938e-11 1.188824982805178466e-10
1.022814174939483615e-10 1.023684434328245986e-10 1.024822664676230305e-10 1.792968379691405224e-11 1.025544748147411426e-10 1.057630253553891286e-10
1.016603321388374049e-10 1.014019905279592238e-10 1.005727803609919045e-10 1.269908840384355018e-10 9.751788439544382112e-11 1.262009466235363756e-10
1.007156557390560291e-10 1.004800744256998192e-10 1.006413434127664028e-10 1.297355739747968926e-10 1.051463882457656504e-10 9.127003935666631030e-11
9.946059101133128565e-11 9.973860042554503304e-11 1.001395133592477706e-10 5.840430903999490579e-11 9.288314747368896584e-11 9.804049774942566164e-11
9.867490149329161288e-11 9.848214775322849187e-11 9.961588897318204135e-11 5.803975384674413224e-11 8.971167405137286928e-11 8.738350579596120091e-11
9.769772363274388023e-11 9.785357563909428709e-11 9.823998493511330244e-11 1.109934067083900427e-10 9.915151862443817794e-11 9.409534620793036021e-11
9.674997944967712953e-11 9.690998657750098782e-11 9.676621280884003105e-11 4.173955916720497731e-11 9.855235689077146757e-11 8.121672932112621931e-11
9.589421791256429160e-11 9.640616167168486832e-11 9.658496769047661715e-11 1.348775122246457257e-10 9.647245759160847332e-11 9.294300532178907866e-11
9.516709199338942548e-11 9.543928413935648369e-11 9.491658358030216622e-11 3.792550688192959273e-11 9.251583499292698584e-11 9.064382042274550715e-11
9.433879508227128336e-11 9.402167740106001358e-11 9.506935434698426579e-11 4.742008295199870152e-11 8.831527879342657683e-11 9.067451405571780383e-11
9.348844156784151550e-11 9.363082908093925885e-11 9.260690058784630461e-11 8.414853326947150826e-11 8.908234223534310670e-11 1.025629834058530937e-10
9.293423281145176943e-11 9.244460657978949234e-11 9.212317449803650073e-11 1.014786976743454094e-10 9.903581111368997170e-11 8.161142056671845506e-11
9.195064655266559256e-11 9.187626002177447922e-11 9.142187679612735078e-11 1.079186627507001301e-10 8.939540977131573122e-11 9.479896012113495806e-11
9.094511121081244159e-11 9.092628541212296283e-11 9.115171982073268182e-11 7.075527333122461244e-11 9.038934564513345035e-11 9.939969490503205200e-11
9.011992540994071758e-11 8.997335526388920614e-11 9.028742462868145259e-11 4.298701304766016248e-11 9.173284303309555693e-11 9.363436084124303242e-11
8.940639249409453759e-11 8.921326903260196818e-11 8.964089000923290935e-11 4.665468707275524560e-11 8.938653259514528616e-11 7.364548473968018359e-11
8.851807654613741351e-11 8.874274330973015044e-11 8.897160499772921466e-11 9.348634148342631494e-11 9.069096713168869956e-11 8.970256932194452441e-11
8.762049668562224004e-11 8.808979253421226389e-11 8.802248335344196061e-11 1.201409693308816495e-10 8.679702036843659636e-11 9.162033046854858606e-11
8.716917433972698985e-11 8.708237322214552299e-11 8.744031779803815366e-11 9.047019106256443815e-11 8.487569761805441215e-11 7.956049569297164632e-11
8.606955614296500705e-11 8.669307509284417159e-11 8.625842224509921336e-11 1.761935756555647433e-11 8.622569255819617622e-11 9.012165462502066260e-11
8.540813833221922149e-11 8.556817739317947855e-11 8.598199449886218178e-11 5.068988283391349240e-11 8.397369529759310398e-11 8.929833965664206074e-11
8.488933351780315966e-11 8.492271655234790884e-11 8.455772601132502905e-11 3.274327835375809040e-11 8.424859244532938928e-11 8.514811814035414250e-11
8.404838875465385259e-11 8.415841940037972319e-11 8.423118732457160682e-11 1.369039981108229519e-10 8.213605545136569730e-11 8.270165559702204187e-11
8.337011052476034741e-11 8.356796174628585876e-11 8.328191338361512408e-11 8.218243881059538864e-11 8.270310389762262587e-11 8.459117112734021549e-11
8.263476342524377507e-11 8.261200236901842065e-11 8.294099846400556324e-11 7.931622104518076019e-11 8.129384970625115295e-11 7.853288877478704331e-11
8.208230453836109373e-11 8.213255284496462554e-11 8.212101977421624764e-11 4.053791155969694882e-11 8.372457256579862061e-11 8.272085979456508579e-11
8.136717572427875323e-11 8.113987385676527140e-11 8.079896140374665932e-11 8.850897746191778815e-11 8.092162641383751544e-11 7.204242685095927204e-11
8.074379699877397456e-11 8.062268593583523937e-11 8.025217923660208152e-11 8.885554384668020296e-11 8.081255952334029447e-11 8.094581848932901028e-11
8.008428169765126861e-11 7.925756549870805994e-11 8.029753414819272328e-11 5.835476741931900018e-11 8.034272326694571638e-11 8.762775417884851483e-11
7.915411019683697158e-11 7.922407136844367042e-11 7.938590185289450639e-11 6.905604174781530903e-11 8.249399689964813271e-11 8.018008516000338628e-11
7.856559201275756277e-11 7.878762266295834267e-11 7.878391545195215432e-11 7.139859837132777347e-11 7.728102755778820004e-11 7.537021202879317499e-11
7.783276895301600549e-11 7.801381025586469571e-11 7.783290142230758011e-11 4.719602420279935516e-11 7.440591490864296017e-11 7.324743772907529174e-11
7.715705612545264328e-11 7.722104164948518795e-11 7.727028622333453137e-11 7.249487548762424066e-11 7.549197329582560816e-11 8.200172297402093944e-11
7.683548118355871779e-11 7.643299365198624395e-11 7.696068133985290349e-11 7.166989287280766130e-11 7.616933424465519404e-11 7.499309125557042509e-11
7.586939368036085920e-11 7.612715442789980537e-11 7.606432772067529617e-11 6.727666678344051714e-11 7.460238202966668865e-11 6.371864819395685340e-11
7.532581724623682647e-11 7.515507889502939562e-11 7.548240198289814211e-11 5.775699795616815335e-11 7.326062366579204494e-11 7.675898942869848198e-11
7.477803602669811015e-11 7.458550155227666650e-11 7.474266298480603412e-11 1.004680919409648308e-10 7.208962242609333014e-11 7.884018501787729181e-11
7.382368232973168197e-11 7.410148881995815045e-11 7.382060948656444432e-11 6.437886434470285196e-11 7.406762164010438455e-11 6.459856045310392054e-11
7.358173542511803039e-11 7.332706564074361428e-11 7.337974415080381809e-11 5.648042372009737796e-11 7.477777368876088060e-11 7.258706392923679540e-11
7.291255592537105325e-11 7.271344740988132495e-11 7.289869542834549377e-11 9.030592505774128070e-11 7.479443107534658930e-11 7.600729612841402001e-11
7.226190589140098847e-11 7.234636734645551746e-11 7.263823531757613378e-11 5.220835684915215895e-11 7.382804226159392927e-11 6.705356027419201079e-11
7.178646643345391826e-11 7.167388518890802832e-11 7.177520822113568244e-11 9.625323053584193395e-11 7.150582221131100260e-11 6.518258214719222018e-11
7.092810323775265047e-11 7.133851830397492300e-11 7.102249550107219426e-11 9.703719315500662560e-11 7.004156769822688169e-11 7.238501210375544639e-11
7.052873157534525402e-11 7.065489637227729271e-11 7.066055712171157167e-11 8.993151251370405367e-11 7.061820004618602263e-11 7.013815980890892299e-11
6.993278566834600816e-11 6.990271513721857084e-11 7.004024187706171164e-11 6.210487504056931928e-11 7.054933119914144442e-11 7.104752512490825555e-11
6.931299356625468905e-11 6.951238947064021990e-11 6.963104797171420383e-11 9.297498727546916719e-11 7.065300505149771151e-11 6.428989910441148509e-11
6.895541654602971951e-11 6.895101075578509631e-11 6.916592936642174158e-11 6.007327160205832977e-11 7.213390682541319260e-11 6.516651497949705304e-11
6.848767465388641863e-11 6.810921469731177956e-11 6.864901227293839068e-11 6.231152474935668507e-11 6.590504881875686957e-11 6.295202034856219004e-11
6.777832211203385740e-11 6.791432926984567630e-11 6.803883205911185445e-11 8.883034203779316695e-11 7.061744402147417288e-11 6.564788958270047135e-11
6.713931781698500425e-11 6.737827655654365091e-11 6.711513347370387198e-11 3.179556632037093724e-11 6.865588149067220991e-11 6.410248710413647959e-11
6.653825175880231096e-11 6.687041638343941002e-11 6.695105152094948802e-11 3.804735474171667812e-11 6.723654045688851785e-11 6.536215102373350683e-11
6.632954300176005276e-11 6.605885167969899288e-11 6.599263947957467301e-11 2.155305423159216475e-11 6.315864417475805770e-11 6.527177044806778740e-11
6.584171681801546186e-11 6.586744023542708905e-11 6.541855097700121479e-11 1.004004946067583805e-10 6.503097294821457105e-11 7.322307454941210675e-11
6.514028754756353981e-11 6.541493385883815346e-11 6.542651650923250147e-11 3.531202468771877302e-11 6.414410426907473334e-11 6.572973378083329164e-11
6.447981282517610959e-11 6.478232316807967369e-11 6.482194516645049839e-11 4.741123363089052580e-11 6.316275266516727656e-11 6.422871551374504618e-11
