9.795720000000000000e+05 2.042800000000000000e+04 0.000000000000000000e+00 0.000000000000000000e+00 0.000000000000000000e+00 0.000000000000000000e+00
9.784790000000000000e+05 2.151900000000000000e+04 2.000000000000000000e+00 0.000000000000000000e+00 0.000000000000000000e+00 0.000000000000000000e+00
9.770500000000000000e+05 2.294900000000000000e+04 1.000000000000000000e+00 0.000000000000000000e+00 0.000000000000000000e+00 0.000000000000000000e+00
9.754630000000000000e+05 2.453500000000000000e+04 2.000000000000000000e+00 0.000000000000000000e+00 0.000000000000000000e+00 0.000000000000000000e+00
9.738740000000000000e+05 2.612500000000000000e+04 1.000000000000000000e+00 0.000000000000000000e+00 0.000000000000000000e+00 0.000000000000000000e+00
9.726450000000000000e+05 2.735400000000000000e+04 1.000000000000000000e+00 0.000000000000000000e+00 0.000000000000000000e+00 0.000000000000000000e+00
9.711650000000000000e+05 2.883200000000000000e+04 3.000000000000000000e+00 0.000000000000000000e+00 0.000000000000000000e+00 0.000000000000000000e+00
9.696920000000000000e+05 3.030100000000000000e+04 7.000000000000000000e+00 0.000000000000000000e+00 0.000000000000000000e+00 0.000000000000000000e+00
9.681370000000000000e+05 3.185800000000000000e+04 5.000000000000000000e+00 0.000000000000000000e+00 0.000000000000000000e+00 0.000000000000000000e+00
9.666630000000000000e+05 3.333000000000000000e+04 7.000000000000000000e+00 0.000000000000000000e+00 0.000000000000000000e+00 0.000000000000000000e+00
9.649140000000000000e+05 3.508500000000000000e+04 1.000000000000000000e+00 0.000000000000000000e+00 0.000000000000000000e+00 0.000000000000000000e+00
9.635620000000000000e+05 3.643300000000000000e+04 5.000000000000000000e+00 0.000000000000000000e+00 0.000000000000000000e+00 0.000000000000000000e+00
9.617440000000000000e+05 3.825100000000000000e+04 5.000000000000000000e+00 0.000000000000000000e+00 0.000000000000000000e+00 0.000000000000000000e+00
9.598120000000000000e+05 4.017900000000000000e+04 9.000000000000000000e+00 0.000000000000000000e+00 0.000000000000000000e+00 0.000000000000000000e+00
9.583280000000000000e+05 4.166200000000000000e+04 1.000000000000000000e+01 0.000000000000000000e+00 0.000000000000000000e+00 0.000000000000000000e+00
9.564120000000000000e+05 4.358300000000000000e+04 5.000000000000000000e+00 0.000000000000000000e+00 0.000000000000000000e+00 0.000000000000000000e+00
9.550260000000000000e+05 4.496600000000000000e+04 8.000000000000000000e+00 0.000000000000000000e+00 0.000000000000000000e+00 0.000000000000000000e+00
9.529970000000000000e+05 4.699500000000000000e+04 8.000000000000000000e+00 0.000000000000000000e+00 0.000000000000000000e+00 0.000000000000000000e+00
9.512530000000000000e+05 4.873300000000000000e+04 1.400000000000000000e+01 0.000000000000000000e+00 0.000000000000000000e+00 0.000000000000000000e+00
9.499600000000000000e+05 5.002600000000000000e+04 1.400000000000000000e+01 0.000000000000000000e+00 0.000000000000000000e+00 0.000000000000000000e+00
9.482170000000000000e+05 5.176000000000000000e+04 2.300000000000000000e+01 0.000000000000000000e+00 0.000000000000000000e+00 0.000000000000000000e+00
9.457900000000000000e+05 5.418200000000000000e+04 2.800000000000000000e+01 0.000000000000000000e+00 0.000000000000000000e+00 0.000000000000000000e+00
9.439740000000000000e+05 5.599400000000000000e+04 3.200000000000000000e+01 0.000000000000000000e+00 0.000000000000000000e+00 0.000000000000000000e+00
9.422920000000000000e+05 5.766100000000000000e+04 4.700000000000000000e+01 0.000000000000000000e+00 0.000000000000000000e+00 0.000000000000000000e+00
9.407560000000000000e+05 5.920600000000000000e+04 3.800000000000000000e+01 0.000000000000000000e+00 0.000000000000000000e+00 0.000000000000000000e+00
9.385010000000000000e+05 6.145700000000000000e+04 4.200000000000000000e+01 0.000000000000000000e+00 0.000000000000000000e+00 0.000000000000000000e+00
9.367020000000000000e+05 6.326400000000000000e+04 3.400000000000000000e+01 0.000000000000000000e+00 0.000000000000000000e+00 0.000000000000000000e+00
9.348330000000000000e+05 6.512100000000000000e+04 4.600000000000000000e+01 0.000000000000000000e+00 0.000000000000000000e+00 0.000000000000000000e+00
9.331520000000000000e+05 6.680200000000000000e+04 4.600000000000000000e+01 0.000000000000000000e+00 0.000000000000000000e+00 0.000000000000000000e+00
9.306480000000000000e+05 6.929000000000000000e+04 6.200000000000000000e+01 0.000000000000000000e+00 0.000000000000000000e+00 0.000000000000000000e+00
9.294290000000000000e+05 7.051200000000000000e+04 5.900000000000000000e+01 0.000000000000000000e+00 0.000000000000000000e+00 0.000000000000000000e+00
9.275310000000000000e+05 7.240000000000000000e+04 6.900000000000000000e+01 0.000000000000000000e+00 0.000000000000000000e+00 0.000000000000000000e+00
9.253020000000000000e+05 7.462000000000000000e+04 7.800000000000000000e+01 0.000000000000000000e+00 0.000000000000000000e+00 0.000000000000000000e+00
9.238770000000000000e+05 7.603300000000000000e+04 9.000000000000000000e+01 0.000000000000000000e+00 0.000000000000000000e+00 0.000000000000000000e+00
9.218980000000000000e+05 7.800700000000000000e+04 9.500000000000000000e+01 0.000000000000000000e+00 0.000000000000000000e+00 0.000000000000000000e+00
9.197110000000000000e+05 8.019100000000000000e+04 9.800000000000000000e+01 0.000000000000000000e+00 0.000000000000000000e+00 0.000000000000000000e+00
9.182390000000000000e+05 8.163800000000000000e+04 1.230000000000000000e+02 0.000000000000000000e+00 0.000000000000000000e+00 0.000000000000000000e+00
9.162270000000000000e+05 8.366100000000000000e+04 1.120000000000000000e+02 0.000000000000000000e+00 0.000000000000000000e+00 0.000000000000000000e+00
9.147110000000000000e+05 8.515300000000000000e+04 1.360000000000000000e+02 0.000000000000000000e+00 0.000000000000000000e+00 0.000000000000000000e+00
9.123840000000000000e+05 8.747500000000000000e+04 1.410000000000000000e+02 0.000000000000000000e+00 0.000000000000000000e+00 0.000000000000000000e+00
9.106120000000000000e+05 8.920300000000000000e+04 1.850000000000000000e+02 0.000000000000000000e+00 0.000000000000000000e+00 0.000000000000000000e+00
9.083900000000000000e+05 9.144700000000000000e+04 1.630000000000000000e+02 0.000000000000000000e+00 0.000000000000000000e+00 0.000000000000000000e+00
9.062370000000000000e+05 9.357600000000000000e+04 1.870000000000000000e+02 0.000000000000000000e+00 0.000000000000000000e+00 0.000000000000000000e+00
9.046750000000000000e+05 9.513200000000000000e+04 1.930000000000000000e+02 0.000000000000000000e+00 0.000000000000000000e+00 0.000000000000000000e+00
9.030660000000000000e+05 9.669600000000000000e+04 2.380000000000000000e+02 0.000000000000000000e+00 0.000000000000000000e+00 0.000000000000000000e+00
9.013910000000000000e+05 9.834300000000000000e+04 2.660000000000000000e+02 0.000000000000000000e+00 0.000000000000000000e+00 0.000000000000000000e+00
8.991340000000000000e+05 1.006150000000000000e+05 2.510000000000000000e+02 0.000000000000000000e+00 0.000000000000000000e+00 0.000000000000000000e+00
8.970250000000000000e+05 1.026820000000000000e+05 2.930000000000000000e+02 0.000000000000000000e+00 0.000000000000000000e+00 0.000000000000000000e+00
8.955140000000000000e+05 1.041900000000000000e+05 2.960000000000000000e+02 0.000000000000000000e+00 0.000000000000000000e+00 0.000000000000000000e+00
8.941120000000000000e+05 1.055320000000000000e+05 3.560000000000000000e+02 0.000000000000000000e+00 0.000000000000000000e+00 0.000000000000000000e+00
8.913830000000000000e+05 1.082450000000000000e+05 3.720000000000000000e+02 0.000000000000000000e+00 0.000000000000000000e+00 0.000000000000000000e+00
8.897960000000000000e+05 1.097890000000000000e+05 4.150000000000000000e+02 0.000000000000000000e+00 0.000000000000000000e+00 0.000000000000000000e+00
8.881590000000000000e+05 1.114230000000000000e+05 4.180000000000000000e+02 0.000000000000000000e+00 0.000000000000000000e+00 0.000000000000000000e+00
8.861760000000000000e+05 1.133340000000000000e+05 4.900000000000000000e+02 0.000000000000000000e+00 0.000000000000000000e+00 0.000000000000000000e+00
8.841250000000000000e+05 1.154090000000000000e+05 4.660000000000000000e+02 0.000000000000000000e+00 0.000000000000000000e+00 0.000000000000000000e+00
8.821620000000000000e+05 1.173560000000000000e+05 4.820000000000000000e+02 0.000000000000000000e+00 0.000000000000000000e+00 0.000000000000000000e+00
8.804380000000000000e+05 1.190290000000000000e+05 5.330000000000000000e+02 0.000000000000000000e+00 0.000000000000000000e+00 0.000000000000000000e+00
8.788790000000000000e+05 1.205320000000000000e+05 5.890000000000000000e+02 0.000000000000000000e+00 0.000000000000000000e+00 0.000000000000000000e+00
8.770050000000000000e+05 1.224160000000000000e+05 5.790000000000000000e+02 0.000000000000000000e+00 0.000000000000000000e+00 0.000000000000000000e+00
8.753330000000000000e+05 1.239870000000000000e+05 6.800000000000000000e+02 0.000000000000000000e+00 0.000000000000000000e+00 0.000000000000000000e+00
8.732280000000000000e+05 1.260850000000000000e+05 6.870000000000000000e+02 0.000000000000000000e+00 0.000000000000000000e+00 0.000000000000000000e+00
8.711710000000000000e+05 1.280890000000000000e+05 7.400000000000000000e+02 0.000000000000000000e+00 0.000000000000000000e+00 0.000000000000000000e+00
8.689180000000000000e+05 1.303180000000000000e+05 7.640000000000000000e+02 0.000000000000000000e+00 0.000000000000000000e+00 0.000000000000000000e+00
8.679230000000000000e+05 1.312660000000000000e+05 8.110000000000000000e+02 0.000000000000000000e+00 0.000000000000000000e+00 0.000000000000000000e+00
8.660780000000000000e+05 1.330420000000000000e+05 8.800000000000000000e+02 0.000000000000000000e+00 0.000000000000000000e+00 0.000000000000000000e+00
8.644410000000000000e+05 1.345960000000000000e+05 9.630000000000000000e+02 0.000000000000000000e+00 0.000000000000000000e+00 0.000000000000000000e+00
8.623590000000000000e+05 1.366890000000000000e+05 9.520000000000000000e+02 0.000000000000000000e+00 0.000000000000000000e+00 0.000000000000000000e+00
8.610500000000000000e+05 1.379850000000000000e+05 9.650000000000000000e+02 0.000000000000000000e+00 0.000000000000000000e+00 0.000000000000000000e+00
8.593770000000000000e+05 1.395840000000000000e+05 1.039000000000000000e+03 0.000000000000000000e+00 0.000000000000000000e+00 0.000000000000000000e+00
8.570360000000000000e+05 1.418500000000000000e+05 1.114000000000000000e+03 0.000000000000000000e+00 0.000000000000000000e+00 0.000000000000000000e+00
8.554270000000000000e+05 1.434030000000000000e+05 1.170000000000000000e+03 0.000000000000000000e+00 0.000000000000000000e+00 0.000000000000000000e+00
8.537770000000000000e+05 1.450260000000000000e+05 1.197000000000000000e+03 0.000000000000000000e+00 0.000000000000000000e+00 0.000000000000000000e+00
8.519130000000000000e+05 1.468000000000000000e+05 1.287000000000000000e+03 0.000000000000000000e+00 0.000000000000000000e+00 0.000000000000000000e+00
8.497630000000000000e+05 1.489010000000000000e+05 1.336000000000000000e+03 0.000000000000000000e+00 0.000000000000000000e+00 0.000000000000000000e+00
8.488940000000000000e+05 1.497540000000000000e+05 1.352000000000000000e+03 0.000000000000000000e+00 0.000000000000000000e+00 0.000000000000000000e+00
8.466710000000000000e+05 1.518450000000000000e+05 1.484000000000000000e+03 0.000000000000000000e+00 0.000000000000000000e+00 0.000000000000000000e+00
8.450610000000000000e+05 1.534050000000000000e+05 1.534000000000000000e+03 0.000000000000000000e+00 0.000000000000000000e+00 0.000000000000000000e+00
8.436670000000000000e+05 1.546990000000000000e+05 1.634000000000000000e+03 0.000000000000000000e+00 0.000000000000000000e+00 0.000000000000000000e+00
8.410490000000000000e+05 1.572900000000000000e+05 1.661000000000000000e+03 0.000000000000000000e+00 0.000000000000000000e+00 0.000000000000000000e+00
8.403520000000000000e+05 1.578730000000000000e+05 1.775000000000000000e+03 0.000000000000000000e+00 0.000000000000000000e+00 0.000000000000000000e+00
8.374820000000000000e+05 1.607250000000000000e+05 1.793000000000000000e+03 0.000000000000000000e+00 0.000000000000000000e+00 0.000000000000000000e+00
8.369090000000000000e+05 1.611080000000000000e+05 1.983000000000000000e+03 0.000000000000000000e+00 0.000000000000000000e+00 0.000000000000000000e+00
8.355480000000000000e+05 1.624710000000000000e+05 1.981000000000000000e+03 0.000000000000000000e+00 0.000000000000000000e+00 0.000000000000000000e+00
8.332060000000000000e+05 1.647550000000000000e+05 2.039000000000000000e+03 0.000000000000000000e+00 0.000000000000000000e+00 0.000000000000000000e+00
8.319270000000000000e+05 1.659840000000000000e+05 2.089000000000000000e+03 0.000000000000000000e+00 0.000000000000000000e+00 0.000000000000000000e+00
8.303880000000000000e+05 1.674230000000000000e+05 2.189000000000000000e+03 0.000000000000000000e+00 0.000000000000000000e+00 0.000000000000000000e+00
8.285760000000000000e+05 1.691270000000000000e+05 2.297000000000000000e+03 0.000000000000000000e+00 0.000000000000000000e+00 0.000000000000000000e+00
8.271620000000000000e+05 1.704200000000000000e+05 2.418000000000000000e+03 0.000000000000000000e+00 0.000000000000000000e+00 0.000000000000000000e+00
8.251000000000000000e+05 1.724630000000000000e+05 2.437000000000000000e+03 0.000000000000000000e+00 0.000000000000000000e+00 0.000000000000000000e+00
8.230900000000000000e+05 1.743490000000000000e+05 2.561000000000000000e+03 0.000000000000000000e+00 0.000000000000000000e+00 0.000000000000000000e+00
8.228550000000000000e+05 1.744570000000000000e+05 2.688000000000000000e+03 0.000000000000000000e+00 0.000000000000000000e+00 0.000000000000000000e+00
8.204220000000000000e+05 1.766880000000000000e+05 2.890000000000000000e+03 0.000000000000000000e+00 0.000000000000000000e+00 0.000000000000000000e+00
8.190240000000000000e+05 1.781130000000000000e+05 2.863000000000000000e+03 0.000000000000000000e+00 0.000000000000000000e+00 0.000000000000000000e+00
8.181100000000000000e+05 1.788620000000000000e+05 3.028000000000000000e+03 0.000000000000000000e+00 0.000000000000000000e+00 0.000000000000000000e+00
8.163550000000000000e+05 1.805880000000000000e+05 3.057000000000000000e+03 0.000000000000000000e+00 0.000000000000000000e+00 0.000000000000000000e+00
8.139790000000000000e+05 1.828850000000000000e+05 3.136000000000000000e+03 0.000000000000000000e+00 0.000000000000000000e+00 0.000000000000000000e+00
8.124140000000000000e+05 1.842070000000000000e+05 3.379000000000000000e+03 0.000000000000000000e+00 0.000000000000000000e+00 0.000000000000000000e+00
8.118470000000000000e+05 1.846390000000000000e+05 3.514000000000000000e+03 0.000000000000000000e+00 0.000000000000000000e+00 0.000000000000000000e+00
8.100440000000000000e+05 1.865410000000000000e+05 3.415000000000000000e+03 0.000000000000000000e+00 0.000000000000000000e+00 0.000000000000000000e+00
8.078490000000000000e+05 1.886030000000000000e+05 3.548000000000000000e+03 0.000000000000000000e+00 0.000000000000000000e+00 0.000000000000000000e+00
8.073780000000000000e+05 1.888350000000000000e+05 3.787000000000000000e+03 0.000000000000000000e+00 0.000000000000000000e+00 0.000000000000000000e+00
8.057300000000000000e+05 1.902260000000000000e+05 4.044000000000000000e+03 0.000000000000000000e+00 0.000000000000000000e+00 0.000000000000000000e+00
8.046500000000000000e+05 1.913460000000000000e+05 4.004000000000000000e+03 0.000000000000000000e+00 0.000000000000000000e+00 0.000000000000000000e+00
8.026370000000000000e+05 1.931610000000000000e+05 4.202000000000000000e+03 0.000000000000000000e+00 0.000000000000000000e+00 0.000000000000000000e+00
8.008980000000000000e+05 1.947290000000000000e+05 4.373000000000000000e+03 0.000000000000000000e+00 0.000000000000000000e+00 0.000000000000000000e+00
7.994610000000000000e+05 1.961890000000000000e+05 4.350000000000000000e+03 0.000000000000000000e+00 0.000000000000000000e+00 0.000000000000000000e+00
7.983800000000000000e+05 1.970880000000000000e+05 4.532000000000000000e+03 0.000000000000000000e+00 0.000000000000000000e+00 0.000000000000000000e+00
7.967660000000000000e+05 1.986370000000000000e+05 4.597000000000000000e+03 0.000000000000000000e+00 0.000000000000000000e+00 0.000000000000000000e+00
7.959350000000000000e+05 1.991280000000000000e+05 4.937000000000000000e+03 0.000000000000000000e+00 0.000000000000000000e+00 0.000000000000000000e+00
7.941810000000000000e+05 2.008190000000000000e+05 5.000000000000000000e+03 0.000000000000000000e+00 0.000000000000000000e+00 0.000000000000000000e+00
7.920050000000000000e+05 2.029110000000000000e+05 5.084000000000000000e+03 0.000000000000000000e+00 0.000000000000000000e+00 0.000000000000000000e+00
7.912620000000000000e+05 2.036140000000000000e+05 5.124000000000000000e+03 0.000000000000000000e+00 0.000000000000000000e+00 0.000000000000000000e+00
7.896430000000000000e+05 2.050600000000000000e+05 5.297000000000000000e+03 0.000000000000000000e+00 0.000000000000000000e+00 0.000000000000000000e+00
7.882260000000000000e+05 2.062360000000000000e+05 5.538000000000000000e+03 0.000000000000000000e+00 0.000000000000000000e+00 0.000000000000000000e+00
7.868090000000000000e+05 2.074430000000000000e+05 5.748000000000000000e+03 0.000000000000000000e+00 0.000000000000000000e+00 0.000000000000000000e+00
7.863290000000000000e+05 2.077490000000000000e+05 5.922000000000000000e+03 0.000000000000000000e+00 0.000000000000000000e+00 0.000000000000000000e+00
7.844290000000000000e+05 2.096060000000000000e+05 5.965000000000000000e+03 0.000000000000000000e+00 0.000000000000000000e+00 0.000000000000000000e+00
7.827970000000000000e+05 2.111830000000000000e+05 6.020000000000000000e+03 0.000000000000000000e+00 0.000000000000000000e+00 0.000000000000000000e+00
7.816140000000000000e+05 2.120240000000000000e+05 6.362000000000000000e+03 0.000000000000000000e+00 0.000000000000000000e+00 0.000000000000000000e+00
7.801880000000000000e+05 2.134480000000000000e+05 6.364000000000000000e+03 0.000000000000000000e+00 0.000000000000000000e+00 0.000000000000000000e+00
7.779550000000000000e+05 2.153500000000000000e+05 6.695000000000000000e+03 0.000000000000000000e+00 0.000000000000000000e+00 0.000000000000000000e+00
7.767490000000000000e+05 2.165600000000000000e+05 6.691000000000000000e+03 0.000000000000000000e+00 0.000000000000000000e+00 0.000000000000000000e+00
7.763080000000000000e+05 2.168510000000000000e+05 6.841000000000000000e+03 0.000000000000000000e+00 0.000000000000000000e+00 0.000000000000000000e+00
7.750780000000000000e+05 2.177120000000000000e+05 7.210000000000000000e+03 0.000000000000000000e+00 0.000000000000000000e+00 0.000000000000000000e+00
7.735830000000000000e+05 2.191400000000000000e+05 7.277000000000000000e+03 0.000000000000000000e+00 0.000000000000000000e+00 0.000000000000000000e+00
7.721950000000000000e+05 2.201600000000000000e+05 7.645000000000000000e+03 0.000000000000000000e+00 0.000000000000000000e+00 0.000000000000000000e+00
7.708260000000000000e+05 2.213350000000000000e+05 7.839000000000000000e+03 0.000000000000000000e+00 0.000000000000000000e+00 0.000000000000000000e+00
7.694330000000000000e+05 2.228750000000000000e+05 7.692000000000000000e+03 0.000000000000000000e+00 0.000000000000000000e+00 0.000000000000000000e+00
7.682690000000000000e+05 2.239550000000000000e+05 7.776000000000000000e+03 0.000000000000000000e+00 0.000000000000000000e+00 0.000000000000000000e+00
7.672620000000000000e+05 2.246670000000000000e+05 8.071000000000000000e+03 0.000000000000000000e+00 0.000000000000000000e+00 0.000000000000000000e+00
7.657180000000000000e+05 2.259570000000000000e+05 8.325000000000000000e+03 0.000000000000000000e+00 0.000000000000000000e+00 0.000000000000000000e+00
7.650330000000000000e+05 2.264490000000000000e+05 8.518000000000000000e+03 0.000000000000000000e+00 0.000000000000000000e+00 0.000000000000000000e+00
7.631750000000000000e+05 2.281300000000000000e+05 8.695000000000000000e+03 0.000000000000000000e+00 0.000000000000000000e+00 0.000000000000000000e+00
7.625620000000000000e+05 2.285950000000000000e+05 8.843000000000000000e+03 0.000000000000000000e+00 0.000000000000000000e+00 0.000000000000000000e+00
7.609250000000000000e+05 2.299310000000000000e+05 9.144000000000000000e+03 0.000000000000000000e+00 0.000000000000000000e+00 0.000000000000000000e+00
7.603060000000000000e+05 2.304550000000000000e+05 9.239000000000000000e+03 0.000000000000000000e+00 0.000000000000000000e+00 0.000000000000000000e+00
7.586250000000000000e+05 2.319680000000000000e+05 9.407000000000000000e+03 0.000000000000000000e+00 0.000000000000000000e+00 0.000000000000000000e+00
7.575350000000000000e+05 2.328000000000000000e+05 9.665000000000000000e+03 0.000000000000000000e+00 0.000000000000000000e+00 0.000000000000000000e+00
7.562860000000000000e+05 2.338910000000000000e+05 9.823000000000000000e+03 0.000000000000000000e+00 0.000000000000000000e+00 0.000000000000000000e+00
7.546610000000000000e+05 2.353040000000000000e+05 1.003500000000000000e+04 0.000000000000000000e+00 0.000000000000000000e+00 0.000000000000000000e+00
7.531240000000000000e+05 2.366320000000000000e+05 1.024400000000000000e+04 0.000000000000000000e+00 0.000000000000000000e+00 0.000000000000000000e+00
7.525820000000000000e+05 2.370250000000000000e+05 1.039300000000000000e+04 0.000000000000000000e+00 0.000000000000000000e+00 0.000000000000000000e+00
7.514460000000000000e+05 2.379420000000000000e+05 1.061200000000000000e+04 0.000000000000000000e+00 0.000000000000000000e+00 0.000000000000000000e+00
7.496140000000000000e+05 2.393520000000000000e+05 1.103300000000000000e+04 0.000000000000000000e+00 1.000000000000000000e+00 0.000000000000000000e+00
7.488930000000000000e+05 2.399960000000000000e+05 1.111000000000000000e+04 0.000000000000000000e+00 1.000000000000000000e+00 0.000000000000000000e+00
7.477430000000000000e+05 2.409470000000000000e+05 1.131000000000000000e+04 0.000000000000000000e+00 0.000000000000000000e+00 0.000000000000000000e+00
7.471590000000000000e+05 2.413790000000000000e+05 1.146200000000000000e+04 0.000000000000000000e+00 0.000000000000000000e+00 0.000000000000000000e+00
7.452830000000000000e+05 2.430780000000000000e+05 1.163800000000000000e+04 0.000000000000000000e+00 1.000000000000000000e+00 0.000000000000000000e+00
7.443440000000000000e+05 2.435010000000000000e+05 1.215500000000000000e+04 0.000000000000000000e+00 0.000000000000000000e+00 0.000000000000000000e+00
7.429840000000000000e+05 2.448500000000000000e+05 1.216600000000000000e+04 0.000000000000000000e+00 0.000000000000000000e+00 0.000000000000000000e+00
7.423030000000000000e+05 2.453440000000000000e+05 1.235300000000000000e+04 0.000000000000000000e+00 0.000000000000000000e+00 0.000000000000000000e+00
7.409380000000000000e+05 2.463960000000000000e+05 1.266600000000000000e+04 0.000000000000000000e+00 0.000000000000000000e+00 0.000000000000000000e+00
7.397880000000000000e+05 2.472610000000000000e+05 1.295100000000000000e+04 0.000000000000000000e+00 0.000000000000000000e+00 0.000000000000000000e+00
7.392170000000000000e+05 2.476240000000000000e+05 1.315900000000000000e+04 0.000000000000000000e+00 0.000000000000000000e+00 0.000000000000000000e+00
7.372060000000000000e+05 2.496010000000000000e+05 1.319300000000000000e+04 0.000000000000000000e+00 0.000000000000000000e+00 0.000000000000000000e+00
7.365640000000000000e+05 2.498250000000000000e+05 1.361100000000000000e+04 0.000000000000000000e+00 0.000000000000000000e+00 0.000000000000000000e+00
7.356860000000000000e+05 2.506170000000000000e+05 1.369700000000000000e+04 0.000000000000000000e+00 0.000000000000000000e+00 0.000000000000000000e+00
7.337700000000000000e+05 2.520170000000000000e+05 1.421300000000000000e+04 0.000000000000000000e+00 0.000000000000000000e+00 0.000000000000000000e+00
7.337170000000000000e+05 2.519750000000000000e+05 1.430800000000000000e+04 0.000000000000000000e+00 0.000000000000000000e+00 0.000000000000000000e+00
7.319860000000000000e+05 2.535360000000000000e+05 1.447800000000000000e+04 0.000000000000000000e+00 0.000000000000000000e+00 0.000000000000000000e+00
7.312540000000000000e+05 2.539820000000000000e+05 1.476400000000000000e+04 0.000000000000000000e+00 0.000000000000000000e+00 0.000000000000000000e+00
7.300210000000000000e+05 2.550730000000000000e+05 1.490600000000000000e+04 0.000000000000000000e+00 0.000000000000000000e+00 0.000000000000000000e+00
7.281360000000000000e+05 2.567090000000000000e+05 1.515400000000000000e+04 0.000000000000000000e+00 1.000000000000000000e+00 0.000000000000000000e+00
7.281240000000000000e+05 2.565810000000000000e+05 1.529400000000000000e+04 0.000000000000000000e+00 1.000000000000000000e+00 0.000000000000000000e+00
7.265850000000000000e+05 2.577910000000000000e+05 1.562400000000000000e+04 0.000000000000000000e+00 0.000000000000000000e+00 0.000000000000000000e+00
7.257320000000000000e+05 2.583090000000000000e+05 1.595900000000000000e+04 0.000000000000000000e+00 0.000000000000000000e+00 0.000000000000000000e+00
7.240930000000000000e+05 2.599050000000000000e+05 1.600200000000000000e+04 0.000000000000000000e+00 0.000000000000000000e+00 0.000000000000000000e+00
7.227300000000000000e+05 2.607450000000000000e+05 1.652500000000000000e+04 0.000000000000000000e+00 0.000000000000000000e+00 0.000000000000000000e+00
7.212280000000000000e+05 2.619860000000000000e+05 1.678500000000000000e+04 0.000000000000000000e+00 1.000000000000000000e+00 0.000000000000000000e+00
7.208390000000000000e+05 2.623060000000000000e+05 1.685500000000000000e+04 0.000000000000000000e+00 0.000000000000000000e+00 0.000000000000000000e+00
7.201660000000000000e+05 2.626200000000000000e+05 1.721400000000000000e+04 0.000000000000000000e+00 0.000000000000000000e+00 0.000000000000000000e+00
7.180160000000000000e+05 2.644420000000000000e+05 1.754200000000000000e+04 0.000000000000000000e+00 0.000000000000000000e+00 0.000000000000000000e+00
7.181020000000000000e+05 2.641580000000000000e+05 1.774000000000000000e+04 0.000000000000000000e+00 0.000000000000000000e+00 0.000000000000000000e+00
7.168500000000000000e+05 2.650590000000000000e+05 1.809100000000000000e+04 0.000000000000000000e+00 0.000000000000000000e+00 0.000000000000000000e+00
7.164090000000000000e+05 2.653410000000000000e+05 1.825000000000000000e+04 0.000000000000000000e+00 0.000000000000000000e+00 0.000000000000000000e+00
7.155850000000000000e+05 2.657800000000000000e+05 1.863500000000000000e+04 0.000000000000000000e+00 0.000000000000000000e+00 0.000000000000000000e+00
7.146990000000000000e+05 2.665230000000000000e+05 1.877800000000000000e+04 0.000000000000000000e+00 0.000000000000000000e+00 0.000000000000000000e+00
7.129350000000000000e+05 2.682550000000000000e+05 1.881000000000000000e+04 0.000000000000000000e+00 0.000000000000000000e+00 0.000000000000000000e+00
7.117660000000000000e+05 2.690960000000000000e+05 1.913800000000000000e+04 0.000000000000000000e+00 0.000000000000000000e+00 0.000000000000000000e+00
7.117000000000000000e+05 2.688820000000000000e+05 1.941700000000000000e+04 0.000000000000000000e+00 1.000000000000000000e+00 0.000000000000000000e+00
7.109330000000000000e+05 2.691100000000000000e+05 1.995700000000000000e+04 0.000000000000000000e+00 0.000000000000000000e+00 0.000000000000000000e+00
7.079990000000000000e+05 2.716350000000000000e+05 2.036500000000000000e+04 0.000000000000000000e+00 1.000000000000000000e+00 0.000000000000000000e+00
7.082100000000000000e+05 2.714660000000000000e+05 2.032400000000000000e+04 0.000000000000000000e+00 0.000000000000000000e+00 0.000000000000000000e+00
7.066190000000000000e+05 2.727530000000000000e+05 2.062700000000000000e+04 0.000000000000000000e+00 1.000000000000000000e+00 0.000000000000000000e+00
7.064210000000000000e+05 2.728060000000000000e+05 2.077200000000000000e+04 0.000000000000000000e+00 1.000000000000000000e+00 0.000000000000000000e+00
7.048920000000000000e+05 2.739930000000000000e+05 2.111500000000000000e+04 0.000000000000000000e+00 0.000000000000000000e+00 0.000000000000000000e+00
7.044620000000000000e+05 2.738450000000000000e+05 2.169300000000000000e+04 0.000000000000000000e+00 0.000000000000000000e+00 0.000000000000000000e+00
7.033010000000000000e+05 2.750410000000000000e+05 2.165700000000000000e+04 0.000000000000000000e+00 1.000000000000000000e+00 0.000000000000000000e+00
7.019280000000000000e+05 2.761910000000000000e+05 2.188100000000000000e+04 0.000000000000000000e+00 0.000000000000000000e+00 0.000000000000000000e+00
7.018460000000000000e+05 2.757540000000000000e+05 2.240000000000000000e+04 0.000000000000000000e+00 0.000000000000000000e+00 0.000000000000000000e+00
7.009760000000000000e+05 2.763850000000000000e+05 2.263900000000000000e+04 0.000000000000000000e+00 0.000000000000000000e+00 0.000000000000000000e+00
6.996240000000000000e+05 2.773740000000000000e+05 2.300200000000000000e+04 0.000000000000000000e+00 0.000000000000000000e+00 0.000000000000000000e+00
6.984380000000000000e+05 2.787240000000000000e+05 2.283700000000000000e+04 0.000000000000000000e+00 1.000000000000000000e+00 0.000000000000000000e+00
6.978990000000000000e+05 2.786760000000000000e+05 2.342400000000000000e+04 0.000000000000000000e+00 1.000000000000000000e+00 0.000000000000000000e+00
6.973740000000000000e+05 2.790700000000000000e+05 2.355400000000000000e+04 0.000000000000000000e+00 2.000000000000000000e+00 0.000000000000000000e+00
6.958700000000000000e+05 2.803770000000000000e+05 2.375200000000000000e+04 0.000000000000000000e+00 1.000000000000000000e+00 0.000000000000000000e+00
6.955220000000000000e+05 2.804360000000000000e+05 2.404200000000000000e+04 0.000000000000000000e+00 0.000000000000000000e+00 0.000000000000000000e+00
6.932600000000000000e+05 2.822500000000000000e+05 2.448800000000000000e+04 0.000000000000000000e+00 2.000000000000000000e+00 0.000000000000000000e+00
6.934350000000000000e+05 2.819520000000000000e+05 2.461200000000000000e+04 0.000000000000000000e+00 1.000000000000000000e+00 0.000000000000000000e+00
6.929290000000000000e+05 2.821360000000000000e+05 2.493500000000000000e+04 0.000000000000000000e+00 0.000000000000000000e+00 0.000000000000000000e+00
6.909400000000000000e+05 2.837570000000000000e+05 2.530000000000000000e+04 0.000000000000000000e+00 3.000000000000000000e+00 0.000000000000000000e+00
6.898650000000000000e+05 2.846340000000000000e+05 2.549900000000000000e+04 0.000000000000000000e+00 2.000000000000000000e+00 0.000000000000000000e+00
6.887850000000000000e+05 2.850160000000000000e+05 2.619600000000000000e+04 0.000000000000000000e+00 3.000000000000000000e+00 0.000000000000000000e+00
6.885310000000000000e+05 2.852840000000000000e+05 2.618300000000000000e+04 0.000000000000000000e+00 2.000000000000000000e+00 0.000000000000000000e+00
6.879420000000000000e+05 2.854120000000000000e+05 2.664500000000000000e+04 0.000000000000000000e+00 1.000000000000000000e+00 0.000000000000000000e+00
6.872360000000000000e+05 2.859560000000000000e+05 2.680700000000000000e+04 0.000000000000000000e+00 1.000000000000000000e+00 0.000000000000000000e+00
6.867260000000000000e+05 2.860350000000000000e+05 2.723700000000000000e+04 0.000000000000000000e+00 2.000000000000000000e+00 0.000000000000000000e+00
6.858830000000000000e+05 2.865160000000000000e+05 2.759900000000000000e+04 0.000000000000000000e+00 2.000000000000000000e+00 0.000000000000000000e+00
6.843430000000000000e+05 2.879840000000000000e+05 2.767000000000000000e+04 0.000000000000000000e+00 3.000000000000000000e+00 0.000000000000000000e+00
6.831920000000000000e+05 2.885540000000000000e+05 2.825200000000000000e+04 0.000000000000000000e+00 2.000000000000000000e+00 0.000000000000000000e+00
6.825880000000000000e+05 2.888010000000000000e+05 2.860800000000000000e+04 0.000000000000000000e+00 3.000000000000000000e+00 0.000000000000000000e+00
6.817190000000000000e+05 2.896500000000000000e+05 2.863100000000000000e+04 0.000000000000000000e+00 0.000000000000000000e+00 0.000000000000000000e+00
6.806110000000000000e+05 2.904550000000000000e+05 2.893200000000000000e+04 0.000000000000000000e+00 2.000000000000000000e+00 0.000000000000000000e+00
6.804040000000000000e+05 2.903630000000000000e+05 2.923100000000000000e+04 0.000000000000000000e+00 2.000000000000000000e+00 0.000000000000000000e+00
6.792450000000000000e+05 2.912350000000000000e+05 2.951600000000000000e+04 0.000000000000000000e+00 4.000000000000000000e+00 0.000000000000000000e+00
6.772600000000000000e+05 2.925980000000000000e+05 3.014000000000000000e+04 0.000000000000000000e+00 2.000000000000000000e+00 0.000000000000000000e+00
6.771630000000000000e+05 2.925200000000000000e+05 3.031300000000000000e+04 0.000000000000000000e+00 4.000000000000000000e+00 0.000000000000000000e+00
6.767640000000000000e+05 2.924330000000000000e+05 3.080100000000000000e+04 0.000000000000000000e+00 2.000000000000000000e+00 0.000000000000000000e+00
6.763690000000000000e+05 2.929190000000000000e+05 3.070600000000000000e+04 0.000000000000000000e+00 6.000000000000000000e+00 0.000000000000000000e+00
6.742380000000000000e+05 2.945650000000000000e+05 3.119500000000000000e+04 0.000000000000000000e+00 2.000000000000000000e+00 0.000000000000000000e+00
6.746610000000000000e+05 2.940250000000000000e+05 3.131000000000000000e+04 0.000000000000000000e+00 4.000000000000000000e+00 0.000000000000000000e+00
6.733200000000000000e+05 2.949510000000000000e+05 3.172800000000000000e+04 0.000000000000000000e+00 1.000000000000000000e+00 0.000000000000000000e+00
6.720230000000000000e+05 2.958150000000000000e+05 3.215900000000000000e+04 0.000000000000000000e+00 3.000000000000000000e+00 0.000000000000000000e+00
6.720060000000000000e+05 2.955520000000000000e+05 3.243900000000000000e+04 0.000000000000000000e+00 3.000000000000000000e+00 0.000000000000000000e+00
6.713400000000000000e+05 2.957970000000000000e+05 3.285800000000000000e+04 0.000000000000000000e+00 5.000000000000000000e+00 0.000000000000000000e+00
6.705830000000000000e+05 2.966670000000000000e+05 3.274500000000000000e+04 0.000000000000000000e+00 5.000000000000000000e+00 0.000000000000000000e+00
6.687700000000000000e+05 2.978400000000000000e+05 3.338600000000000000e+04 0.000000000000000000e+00 4.000000000000000000e+00 0.000000000000000000e+00
6.685070000000000000e+05 2.978020000000000000e+05 3.368800000000000000e+04 0.000000000000000000e+00 3.000000000000000000e+00 0.000000000000000000e+00
6.677370000000000000e+05 2.983520000000000000e+05 3.390600000000000000e+04 0.000000000000000000e+00 5.000000000000000000e+00 0.000000000000000000e+00
6.671020000000000000e+05 2.989550000000000000e+05 3.393800000000000000e+04 0.000000000000000000e+00 5.000000000000000000e+00 0.000000000000000000e+00
6.665950000000000000e+05 2.986400000000000000e+05 3.475900000000000000e+04 0.000000000000000000e+00 6.000000000000000000e+00 0.000000000000000000e+00
6.651060000000000000e+05 2.999770000000000000e+05 3.491400000000000000e+04 0.000000000000000000e+00 3.000000000000000000e+00 0.000000000000000000e+00
6.640120000000000000e+05 3.007970000000000000e+05 3.518300000000000000e+04 0.000000000000000000e+00 8.000000000000000000e+00 0.000000000000000000e+00
6.641070000000000000e+05 3.003870000000000000e+05 3.550100000000000000e+04 0.000000000000000000e+00 4.000000000000000000e+00 1.000000000000000000e+00
6.626050000000000000e+05 3.016090000000000000e+05 3.577900000000000000e+04 0.000000000000000000e+00 7.000000000000000000e+00 0.000000000000000000e+00
6.622070000000000000e+05 3.016200000000000000e+05 3.616600000000000000e+04 0.000000000000000000e+00 7.000000000000000000e+00 0.000000000000000000e+00
6.607110000000000000e+05 3.027460000000000000e+05 3.653700000000000000e+04 0.000000000000000000e+00 6.000000000000000000e+00 0.000000000000000000e+00
6.602960000000000000e+05 3.030360000000000000e+05 3.666600000000000000e+04 0.000000000000000000e+00 2.000000000000000000e+00 0.000000000000000000e+00
6.590760000000000000e+05 3.038290000000000000e+05 3.709000000000000000e+04 0.000000000000000000e+00 4.000000000000000000e+00 1.000000000000000000e+00
6.592520000000000000e+05 3.035950000000000000e+05 3.715100000000000000e+04 0.000000000000000000e+00 2.000000000000000000e+00 0.000000000000000000e+00
6.589100000000000000e+05 3.034720000000000000e+05 3.761200000000000000e+04 0.000000000000000000e+00 6.000000000000000000e+00 0.000000000000000000e+00
6.580260000000000000e+05 3.038930000000000000e+05 3.807300000000000000e+04 0.000000000000000000e+00 8.000000000000000000e+00 0.000000000000000000e+00
6.566120000000000000e+05 3.053840000000000000e+05 3.799800000000000000e+04 0.000000000000000000e+00 5.000000000000000000e+00 1.000000000000000000e+00
6.569320000000000000e+05 3.045410000000000000e+05 3.852400000000000000e+04 0.000000000000000000e+00 3.000000000000000000e+00 0.000000000000000000e+00
6.550310000000000000e+05 3.060220000000000000e+05 3.894000000000000000e+04 0.000000000000000000e+00 7.000000000000000000e+00 0.000000000000000000e+00
6.546080000000000000e+05 3.062980000000000000e+05 3.908800000000000000e+04 0.000000000000000000e+00 6.000000000000000000e+00 0.000000000000000000e+00
6.537530000000000000e+05 3.065320000000000000e+05 3.971000000000000000e+04 0.000000000000000000e+00 3.000000000000000000e+00 2.000000000000000000e+00
6.537810000000000000e+05 3.065570000000000000e+05 3.965700000000000000e+04 0.000000000000000000e+00 5.000000000000000000e+00 0.000000000000000000e+00
6.525330000000000000e+05 3.074840000000000000e+05 3.997800000000000000e+04 0.000000000000000000e+00 5.000000000000000000e+00 0.000000000000000000e+00
6.526470000000000000e+05 3.073100000000000000e+05 4.003600000000000000e+04 0.000000000000000000e+00 7.000000000000000000e+00 0.000000000000000000e+00
6.511170000000000000e+05 3.081650000000000000e+05 4.070800000000000000e+04 0.000000000000000000e+00 1.000000000000000000e+01 0.000000000000000000e+00
6.505680000000000000e+05 3.079730000000000000e+05 4.144400000000000000e+04 0.000000000000000000e+00 1.400000000000000000e+01 1.000000000000000000e+00
6.498160000000000000e+05 3.086110000000000000e+05 4.156400000000000000e+04 0.000000000000000000e+00 9.000000000000000000e+00 0.000000000000000000e+00
6.489650000000000000e+05 3.093040000000000000e+05 4.172300000000000000e+04 0.000000000000000000e+00 8.000000000000000000e+00 0.000000000000000000e+00
6.482760000000000000e+05 3.095070000000000000e+05 4.220600000000000000e+04 0.000000000000000000e+00 1.100000000000000000e+01 0.000000000000000000e+00
6.469670000000000000e+05 3.104600000000000000e+05 4.256000000000000000e+04 0.000000000000000000e+00 1.200000000000000000e+01 1.000000000000000000e+00
6.470020000000000000e+05 3.106320000000000000e+05 4.235100000000000000e+04 0.000000000000000000e+00 1.500000000000000000e+01 0.000000000000000000e+00
6.459930000000000000e+05 3.110180000000000000e+05 4.297300000000000000e+04 0.000000000000000000e+00 1.600000000000000000e+01 0.000000000000000000e+00
6.456680000000000000e+05 3.111580000000000000e+05 4.316500000000000000e+04 0.000000000000000000e+00 9.000000000000000000e+00 0.000000000000000000e+00
6.449550000000000000e+05 3.113310000000000000e+05 4.370000000000000000e+04 0.000000000000000000e+00 1.300000000000000000e+01 1.000000000000000000e+00
6.439330000000000000e+05 3.117100000000000000e+05 4.433500000000000000e+04 0.000000000000000000e+00 2.100000000000000000e+01 1.000000000000000000e+00
6.437240000000000000e+05 3.119950000000000000e+05 4.426400000000000000e+04 0.000000000000000000e+00 1.700000000000000000e+01 0.000000000000000000e+00
6.425060000000000000e+05 3.131310000000000000e+05 4.435000000000000000e+04 0.000000000000000000e+00 1.300000000000000000e+01 0.000000000000000000e+00
6.419560000000000000e+05 3.134250000000000000e+05 4.459900000000000000e+04 0.000000000000000000e+00 1.900000000000000000e+01 1.000000000000000000e+00
6.420570000000000000e+05 3.123560000000000000e+05 4.557500000000000000e+04 0.000000000000000000e+00 1.100000000000000000e+01 1.000000000000000000e+00
6.420850000000000000e+05 3.124240000000000000e+05 4.547800000000000000e+04 0.000000000000000000e+00 1.300000000000000000e+01 0.000000000000000000e+00
6.400000000000000000e+05 3.140890000000000000e+05 4.588800000000000000e+04 0.000000000000000000e+00 2.100000000000000000e+01 2.000000000000000000e+00
6.391710000000000000e+05 3.144700000000000000e+05 4.634500000000000000e+04 0.000000000000000000e+00 1.400000000000000000e+01 0.000000000000000000e+00
6.390820000000000000e+05 3.141830000000000000e+05 4.671700000000000000e+04 0.000000000000000000e+00 1.800000000000000000e+01 0.000000000000000000e+00
6.383530000000000000e+05 3.148700000000000000e+05 4.676100000000000000e+04 0.000000000000000000e+00 1.500000000000000000e+01 1.000000000000000000e+00
6.381680000000000000e+05 3.146850000000000000e+05 4.712600000000000000e+04 0.000000000000000000e+00 2.000000000000000000e+01 1.000000000000000000e+00
6.361500000000000000e+05 3.163510000000000000e+05 4.747500000000000000e+04 0.000000000000000000e+00 2.400000000000000000e+01 0.000000000000000000e+00
6.361930000000000000e+05 3.158310000000000000e+05 4.795600000000000000e+04 0.000000000000000000e+00 1.900000000000000000e+01 1.000000000000000000e+00
6.352270000000000000e+05 3.162980000000000000e+05 4.845300000000000000e+04 0.000000000000000000e+00 2.200000000000000000e+01 0.000000000000000000e+00
6.350730000000000000e+05 3.163160000000000000e+05 4.859500000000000000e+04 0.000000000000000000e+00 1.600000000000000000e+01 0.000000000000000000e+00
6.340350000000000000e+05 3.172520000000000000e+05 4.869400000000000000e+04 0.000000000000000000e+00 1.900000000000000000e+01 0.000000000000000000e+00
6.331120000000000000e+05 3.179560000000000000e+05 4.890300000000000000e+04 0.000000000000000000e+00 2.900000000000000000e+01 0.000000000000000000e+00
6.328280000000000000e+05 3.176130000000000000e+05 4.953500000000000000e+04 0.000000000000000000e+00 2.400000000000000000e+01 0.000000000000000000e+00
6.320360000000000000e+05 3.180840000000000000e+05 4.985900000000000000e+04 0.000000000000000000e+00 2.000000000000000000e+01 1.000000000000000000e+00
6.319030000000000000e+05 3.179110000000000000e+05 5.016400000000000000e+04 0.000000000000000000e+00 2.200000000000000000e+01 0.000000000000000000e+00
6.298350000000000000e+05 3.195850000000000000e+05 5.055500000000000000e+04 0.000000000000000000e+00 2.200000000000000000e+01 3.000000000000000000e+00
6.305130000000000000e+05 3.189140000000000000e+05 5.054900000000000000e+04 0.000000000000000000e+00 2.400000000000000000e+01 0.000000000000000000e+00
6.290490000000000000e+05 3.195910000000000000e+05 5.133300000000000000e+04 0.000000000000000000e+00 2.700000000000000000e+01 0.000000000000000000e+00
6.282490000000000000e+05 3.199440000000000000e+05 5.176800000000000000e+04 0.000000000000000000e+00 3.800000000000000000e+01 1.000000000000000000e+00
6.283830000000000000e+05 3.196450000000000000e+05 5.194900000000000000e+04 0.000000000000000000e+00 2.300000000000000000e+01 0.000000000000000000e+00
6.281320000000000000e+05 3.197900000000000000e+05 5.204400000000000000e+04 0.000000000000000000e+00 3.400000000000000000e+01 0.000000000000000000e+00
6.264710000000000000e+05 3.208200000000000000e+05 5.267700000000000000e+04 0.000000000000000000e+00 3.100000000000000000e+01 1.000000000000000000e+00
6.257870000000000000e+05 3.212720000000000000e+05 5.290300000000000000e+04 0.000000000000000000e+00 3.700000000000000000e+01 1.000000000000000000e+00
6.249650000000000000e+05 3.219530000000000000e+05 5.304600000000000000e+04 0.000000000000000000e+00 3.600000000000000000e+01 0.000000000000000000e+00
6.248380000000000000e+05 3.219360000000000000e+05 5.318700000000000000e+04 0.000000000000000000e+00 3.900000000000000000e+01 0.000000000000000000e+00
6.243190000000000000e+05 3.217940000000000000e+05 5.386100000000000000e+04 0.000000000000000000e+00 2.400000000000000000e+01 2.000000000000000000e+00
6.235590000000000000e+05 3.221840000000000000e+05 5.422900000000000000e+04 0.000000000000000000e+00 2.600000000000000000e+01 2.000000000000000000e+00
6.226110000000000000e+05 3.230410000000000000e+05 5.430300000000000000e+04 0.000000000000000000e+00 4.500000000000000000e+01 0.000000000000000000e+00
6.227640000000000000e+05 3.225560000000000000e+05 5.464500000000000000e+04 0.000000000000000000e+00 3.500000000000000000e+01 0.000000000000000000e+00
6.220430000000000000e+05 3.228600000000000000e+05 5.504500000000000000e+04 0.000000000000000000e+00 5.200000000000000000e+01 0.000000000000000000e+00
6.217690000000000000e+05 3.230690000000000000e+05 5.513100000000000000e+04 0.000000000000000000e+00 3.000000000000000000e+01 1.000000000000000000e+00
6.199360000000000000e+05 3.239770000000000000e+05 5.604100000000000000e+04 0.000000000000000000e+00 4.400000000000000000e+01 2.000000000000000000e+00
6.202880000000000000e+05 3.237270000000000000e+05 5.594400000000000000e+04 0.000000000000000000e+00 3.900000000000000000e+01 2.000000000000000000e+00
6.198680000000000000e+05 3.240050000000000000e+05 5.608200000000000000e+04 0.000000000000000000e+00 4.500000000000000000e+01 0.000000000000000000e+00
6.186580000000000000e+05 3.244350000000000000e+05 5.686900000000000000e+04 0.000000000000000000e+00 3.700000000000000000e+01 1.000000000000000000e+00
6.183150000000000000e+05 3.249260000000000000e+05 5.671400000000000000e+04 0.000000000000000000e+00 4.500000000000000000e+01 0.000000000000000000e+00
6.173290000000000000e+05 3.254770000000000000e+05 5.715500000000000000e+04 0.000000000000000000e+00 3.700000000000000000e+01 2.000000000000000000e+00
6.181070000000000000e+05 3.245520000000000000e+05 5.729100000000000000e+04 0.000000000000000000e+00 4.900000000000000000e+01 1.000000000000000000e+00
6.164950000000000000e+05 3.248610000000000000e+05 5.859700000000000000e+04 0.000000000000000000e+00 4.700000000000000000e+01 0.000000000000000000e+00
6.155300000000000000e+05 3.262130000000000000e+05 5.820900000000000000e+04 0.000000000000000000e+00 4.800000000000000000e+01 0.000000000000000000e+00
6.162260000000000000e+05 3.252250000000000000e+05 5.849000000000000000e+04 0.000000000000000000e+00 5.800000000000000000e+01 1.000000000000000000e+00
6.152360000000000000e+05 3.258320000000000000e+05 5.888800000000000000e+04 0.000000000000000000e+00 4.200000000000000000e+01 2.000000000000000000e+00
6.146600000000000000e+05 3.258900000000000000e+05 5.939100000000000000e+04 0.000000000000000000e+00 5.800000000000000000e+01 1.000000000000000000e+00
6.139340000000000000e+05 3.264030000000000000e+05 5.960700000000000000e+04 0.000000000000000000e+00 5.600000000000000000e+01 0.000000000000000000e+00
6.127040000000000000e+05 3.272230000000000000e+05 6.001700000000000000e+04 0.000000000000000000e+00 5.400000000000000000e+01 2.000000000000000000e+00
6.124010000000000000e+05 3.275250000000000000e+05 6.001900000000000000e+04 0.000000000000000000e+00 4.900000000000000000e+01 6.000000000000000000e+00
6.121370000000000000e+05 3.270940000000000000e+05 6.071300000000000000e+04 0.000000000000000000e+00 5.400000000000000000e+01 2.000000000000000000e+00
6.110350000000000000e+05 3.280630000000000000e+05 6.083600000000000000e+04 0.000000000000000000e+00 6.200000000000000000e+01 4.000000000000000000e+00
6.109530000000000000e+05 3.280690000000000000e+05 6.092300000000000000e+04 0.000000000000000000e+00 5.500000000000000000e+01 0.000000000000000000e+00
6.098920000000000000e+05 3.285070000000000000e+05 6.153200000000000000e+04 0.000000000000000000e+00 6.600000000000000000e+01 3.000000000000000000e+00
6.099620000000000000e+05 3.282570000000000000e+05 6.171000000000000000e+04 0.000000000000000000e+00 7.000000000000000000e+01 1.000000000000000000e+00
6.081920000000000000e+05 3.295490000000000000e+05 6.219500000000000000e+04 0.000000000000000000e+00 6.200000000000000000e+01 2.000000000000000000e+00
6.087450000000000000e+05 3.286320000000000000e+05 6.255800000000000000e+04 0.000000000000000000e+00 5.900000000000000000e+01 6.000000000000000000e+00
6.087130000000000000e+05 3.287600000000000000e+05 6.245600000000000000e+04 0.000000000000000000e+00 6.800000000000000000e+01 3.000000000000000000e+00
6.069140000000000000e+05 3.298910000000000000e+05 6.312000000000000000e+04 0.000000000000000000e+00 7.300000000000000000e+01 2.000000000000000000e+00
6.078370000000000000e+05 3.291410000000000000e+05 6.294500000000000000e+04 0.000000000000000000e+00 7.400000000000000000e+01 3.000000000000000000e+00
6.077210000000000000e+05 3.288050000000000000e+05 6.342400000000000000e+04 0.000000000000000000e+00 4.900000000000000000e+01 1.000000000000000000e+00
6.054640000000000000e+05 3.303920000000000000e+05 6.407700000000000000e+04 0.000000000000000000e+00 6.400000000000000000e+01 3.000000000000000000e+00
6.050880000000000000e+05 3.302430000000000000e+05 6.460000000000000000e+04 0.000000000000000000e+00 6.500000000000000000e+01 4.000000000000000000e+00
6.054400000000000000e+05 3.300620000000000000e+05 6.440800000000000000e+04 0.000000000000000000e+00 8.600000000000000000e+01 4.000000000000000000e+00
6.040210000000000000e+05 3.308380000000000000e+05 6.506200000000000000e+04 0.000000000000000000e+00 7.500000000000000000e+01 4.000000000000000000e+00
6.046180000000000000e+05 3.295740000000000000e+05 6.572900000000000000e+04 0.000000000000000000e+00 7.600000000000000000e+01 3.000000000000000000e+00
6.027960000000000000e+05 3.317250000000000000e+05 6.539500000000000000e+04 0.000000000000000000e+00 7.900000000000000000e+01 5.000000000000000000e+00
6.018700000000000000e+05 3.320840000000000000e+05 6.594800000000000000e+04 0.000000000000000000e+00 9.600000000000000000e+01 2.000000000000000000e+00
6.020670000000000000e+05 3.316520000000000000e+05 6.619000000000000000e+04 0.000000000000000000e+00 9.000000000000000000e+01 1.000000000000000000e+00
6.017090000000000000e+05 3.313820000000000000e+05 6.680900000000000000e+04 0.000000000000000000e+00 9.900000000000000000e+01 1.000000000000000000e+00
6.014510000000000000e+05 3.320990000000000000e+05 6.633700000000000000e+04 0.000000000000000000e+00 1.110000000000000000e+02 2.000000000000000000e+00
5.999540000000000000e+05 3.327260000000000000e+05 6.722100000000000000e+04 0.000000000000000000e+00 9.200000000000000000e+01 7.000000000000000000e+00
5.996820000000000000e+05 3.330020000000000000e+05 6.721500000000000000e+04 0.000000000000000000e+00 9.800000000000000000e+01 3.000000000000000000e+00
5.995130000000000000e+05 3.324150000000000000e+05 6.796700000000000000e+04 0.000000000000000000e+00 1.020000000000000000e+02 3.000000000000000000e+00
5.987900000000000000e+05 3.328070000000000000e+05 6.829600000000000000e+04 0.000000000000000000e+00 1.030000000000000000e+02 4.000000000000000000e+00
5.992620000000000000e+05 3.326370000000000000e+05 6.798800000000000000e+04 0.000000000000000000e+00 1.100000000000000000e+02 3.000000000000000000e+00
5.982620000000000000e+05 3.328870000000000000e+05 6.875000000000000000e+04 0.000000000000000000e+00 9.400000000000000000e+01 7.000000000000000000e+00
5.973550000000000000e+05 3.339790000000000000e+05 6.854800000000000000e+04 0.000000000000000000e+00 1.150000000000000000e+02 3.000000000000000000e+00
5.974540000000000000e+05 3.332610000000000000e+05 6.915700000000000000e+04 0.000000000000000000e+00 1.220000000000000000e+02 6.000000000000000000e+00
5.954530000000000000e+05 3.352690000000000000e+05 6.916100000000000000e+04 0.000000000000000000e+00 1.120000000000000000e+02 5.000000000000000000e+00
5.955410000000000000e+05 3.343600000000000000e+05 6.999200000000000000e+04 0.000000000000000000e+00 9.800000000000000000e+01 9.000000000000000000e+00
5.955730000000000000e+05 3.341590000000000000e+05 7.015200000000000000e+04 0.000000000000000000e+00 1.090000000000000000e+02 7.000000000000000000e+00
5.947190000000000000e+05 3.343670000000000000e+05 7.078900000000000000e+04 0.000000000000000000e+00 1.190000000000000000e+02 6.000000000000000000e+00
5.936630000000000000e+05 3.355300000000000000e+05 7.067300000000000000e+04 0.000000000000000000e+00 1.280000000000000000e+02 6.000000000000000000e+00
5.939470000000000000e+05 3.345810000000000000e+05 7.133400000000000000e+04 0.000000000000000000e+00 1.310000000000000000e+02 7.000000000000000000e+00
5.938150000000000000e+05 3.344010000000000000e+05 7.166800000000000000e+04 0.000000000000000000e+00 1.100000000000000000e+02 6.000000000000000000e+00
5.924250000000000000e+05 3.357100000000000000e+05 7.173300000000000000e+04 0.000000000000000000e+00 1.220000000000000000e+02 1.000000000000000000e+01
5.915540000000000000e+05 3.360440000000000000e+05 7.228200000000000000e+04 0.000000000000000000e+00 1.140000000000000000e+02 6.000000000000000000e+00
5.922970000000000000e+05 3.348180000000000000e+05 7.274900000000000000e+04 0.000000000000000000e+00 1.270000000000000000e+02 9.000000000000000000e+00
5.920500000000000000e+05 3.353760000000000000e+05 7.246000000000000000e+04 0.000000000000000000e+00 1.100000000000000000e+02 4.000000000000000000e+00
5.913430000000000000e+05 3.353550000000000000e+05 7.315800000000000000e+04 0.000000000000000000e+00 1.340000000000000000e+02 1.000000000000000000e+01
5.896390000000000000e+05 3.368500000000000000e+05 7.335000000000000000e+04 0.000000000000000000e+00 1.550000000000000000e+02 6.000000000000000000e+00
5.888480000000000000e+05 3.371640000000000000e+05 7.381000000000000000e+04 0.000000000000000000e+00 1.690000000000000000e+02 9.000000000000000000e+00
5.894700000000000000e+05 3.360790000000000000e+05 7.428300000000000000e+04 0.000000000000000000e+00 1.590000000000000000e+02 9.000000000000000000e+00
5.884900000000000000e+05 3.373370000000000000e+05 7.401500000000000000e+04 0.000000000000000000e+00 1.500000000000000000e+02 8.000000000000000000e+00
5.887830000000000000e+05 3.366520000000000000e+05 7.441200000000000000e+04 0.000000000000000000e+00 1.460000000000000000e+02 7.000000000000000000e+00
5.879230000000000000e+05 3.372270000000000000e+05 7.469600000000000000e+04 0.000000000000000000e+00 1.450000000000000000e+02 9.000000000000000000e+00
5.871700000000000000e+05 3.373060000000000000e+05 7.534300000000000000e+04 0.000000000000000000e+00 1.720000000000000000e+02 9.000000000000000000e+00
5.865880000000000000e+05 3.373790000000000000e+05 7.588400000000000000e+04 0.000000000000000000e+00 1.420000000000000000e+02 7.000000000000000000e+00
5.859300000000000000e+05 3.376870000000000000e+05 7.621700000000000000e+04 0.000000000000000000e+00 1.570000000000000000e+02 9.000000000000000000e+00
5.859310000000000000e+05 3.379450000000000000e+05 7.593900000000000000e+04 0.000000000000000000e+00 1.750000000000000000e+02 1.000000000000000000e+01
5.857350000000000000e+05 3.373890000000000000e+05 7.671000000000000000e+04 0.000000000000000000e+00 1.590000000000000000e+02 7.000000000000000000e+00
5.843960000000000000e+05 3.385250000000000000e+05 7.690200000000000000e+04 0.000000000000000000e+00 1.690000000000000000e+02 8.000000000000000000e+00
5.835230000000000000e+05 3.386800000000000000e+05 7.760600000000000000e+04 0.000000000000000000e+00 1.790000000000000000e+02 1.200000000000000000e+01
5.839740000000000000e+05 3.379010000000000000e+05 7.791900000000000000e+04 0.000000000000000000e+00 1.940000000000000000e+02 1.200000000000000000e+01
5.829770000000000000e+05 3.389160000000000000e+05 7.790500000000000000e+04 0.000000000000000000e+00 1.890000000000000000e+02 1.300000000000000000e+01
5.826960000000000000e+05 3.388250000000000000e+05 7.828200000000000000e+04 0.000000000000000000e+00 1.850000000000000000e+02 1.200000000000000000e+01
5.831340000000000000e+05 3.381730000000000000e+05 7.847700000000000000e+04 0.000000000000000000e+00 2.070000000000000000e+02 9.000000000000000000e+00
5.819890000000000000e+05 3.393090000000000000e+05 7.850300000000000000e+04 0.000000000000000000e+00 1.890000000000000000e+02 1.000000000000000000e+01
5.819540000000000000e+05 3.390420000000000000e+05 7.878200000000000000e+04 0.000000000000000000e+00 2.130000000000000000e+02 9.000000000000000000e+00
5.813830000000000000e+05 3.392190000000000000e+05 7.919500000000000000e+04 1.000000000000000000e+00 1.910000000000000000e+02 1.100000000000000000e+01
5.804180000000000000e+05 3.393780000000000000e+05 8.000600000000000000e+04 0.000000000000000000e+00 1.890000000000000000e+02 9.000000000000000000e+00
5.799510000000000000e+05 3.401270000000000000e+05 7.968800000000000000e+04 0.000000000000000000e+00 2.200000000000000000e+02 1.400000000000000000e+01
5.795480000000000000e+05 3.397200000000000000e+05 8.051000000000000000e+04 1.000000000000000000e+00 2.130000000000000000e+02 8.000000000000000000e+00
5.796050000000000000e+05 3.404150000000000000e+05 7.976700000000000000e+04 0.000000000000000000e+00 2.010000000000000000e+02 1.200000000000000000e+01
5.787270000000000000e+05 3.401330000000000000e+05 8.091000000000000000e+04 1.000000000000000000e+00 2.160000000000000000e+02 1.300000000000000000e+01
5.780930000000000000e+05 3.406470000000000000e+05 8.102000000000000000e+04 0.000000000000000000e+00 2.270000000000000000e+02 1.300000000000000000e+01
5.777060000000000000e+05 3.402900000000000000e+05 8.173200000000000000e+04 0.000000000000000000e+00 2.540000000000000000e+02 1.800000000000000000e+01
5.786630000000000000e+05 3.398240000000000000e+05 8.128200000000000000e+04 0.000000000000000000e+00 2.210000000000000000e+02 1.000000000000000000e+01
5.767320000000000000e+05 3.408990000000000000e+05 8.209100000000000000e+04 0.000000000000000000e+00 2.610000000000000000e+02 1.700000000000000000e+01
5.755700000000000000e+05 3.416740000000000000e+05 8.250400000000000000e+04 0.000000000000000000e+00 2.440000000000000000e+02 8.000000000000000000e+00
5.757990000000000000e+05 3.413470000000000000e+05 8.260700000000000000e+04 0.000000000000000000e+00 2.360000000000000000e+02 1.100000000000000000e+01
5.758190000000000000e+05 3.407560000000000000e+05 8.317400000000000000e+04 1.000000000000000000e+00 2.400000000000000000e+02 1.000000000000000000e+01
5.752650000000000000e+05 3.411840000000000000e+05 8.326200000000000000e+04 0.000000000000000000e+00 2.690000000000000000e+02 2.000000000000000000e+01
5.752400000000000000e+05 3.410080000000000000e+05 8.347100000000000000e+04 0.000000000000000000e+00 2.600000000000000000e+02 2.100000000000000000e+01
5.746640000000000000e+05 3.411440000000000000e+05 8.394100000000000000e+04 0.000000000000000000e+00 2.390000000000000000e+02 1.200000000000000000e+01
5.746120000000000000e+05 3.407020000000000000e+05 8.441400000000000000e+04 0.000000000000000000e+00 2.560000000000000000e+02 1.600000000000000000e+01
5.742900000000000000e+05 3.414850000000000000e+05 8.395300000000000000e+04 0.000000000000000000e+00 2.510000000000000000e+02 2.100000000000000000e+01
5.727050000000000000e+05 3.418060000000000000e+05 8.520100000000000000e+04 0.000000000000000000e+00 2.600000000000000000e+02 2.800000000000000000e+01
5.727510000000000000e+05 3.415080000000000000e+05 8.544500000000000000e+04 0.000000000000000000e+00 2.810000000000000000e+02 1.500000000000000000e+01
5.716850000000000000e+05 3.429910000000000000e+05 8.501400000000000000e+04 0.000000000000000000e+00 2.880000000000000000e+02 2.200000000000000000e+01
5.722600000000000000e+05 3.417400000000000000e+05 8.569600000000000000e+04 0.000000000000000000e+00 2.880000000000000000e+02 1.600000000000000000e+01
5.719690000000000000e+05 3.422540000000000000e+05 8.544200000000000000e+04 0.000000000000000000e+00 3.070000000000000000e+02 2.800000000000000000e+01
5.719420000000000000e+05 3.417070000000000000e+05 8.600600000000000000e+04 0.000000000000000000e+00 3.270000000000000000e+02 1.800000000000000000e+01
5.708240000000000000e+05 3.426500000000000000e+05 8.622900000000000000e+04 0.000000000000000000e+00 2.800000000000000000e+02 1.700000000000000000e+01
5.704330000000000000e+05 3.427660000000000000e+05 8.648700000000000000e+04 0.000000000000000000e+00 2.920000000000000000e+02 2.200000000000000000e+01
5.696500000000000000e+05 3.434080000000000000e+05 8.663400000000000000e+04 0.000000000000000000e+00 2.900000000000000000e+02 1.800000000000000000e+01
5.691340000000000000e+05 3.438650000000000000e+05 8.666800000000000000e+04 0.000000000000000000e+00 3.100000000000000000e+02 2.300000000000000000e+01
5.682030000000000000e+05 3.437980000000000000e+05 8.764800000000000000e+04 0.000000000000000000e+00 3.350000000000000000e+02 1.600000000000000000e+01
5.689970000000000000e+05 3.428120000000000000e+05 8.785300000000000000e+04 1.000000000000000000e+00 3.090000000000000000e+02 2.800000000000000000e+01
5.678000000000000000e+05 3.435040000000000000e+05 8.835000000000000000e+04 0.000000000000000000e+00 3.210000000000000000e+02 2.500000000000000000e+01
5.679920000000000000e+05 3.428900000000000000e+05 8.878700000000000000e+04 0.000000000000000000e+00 3.070000000000000000e+02 2.400000000000000000e+01
5.681100000000000000e+05 3.425130000000000000e+05 8.902600000000000000e+04 0.000000000000000000e+00 3.220000000000000000e+02 2.900000000000000000e+01
5.669610000000000000e+05 3.435520000000000000e+05 8.909800000000000000e+04 0.000000000000000000e+00 3.600000000000000000e+02 2.900000000000000000e+01
5.662370000000000000e+05 3.442570000000000000e+05 8.915200000000000000e+04 1.000000000000000000e+00 3.310000000000000000e+02 2.200000000000000000e+01
5.662680000000000000e+05 3.438690000000000000e+05 8.949000000000000000e+04 0.000000000000000000e+00 3.460000000000000000e+02 2.700000000000000000e+01
5.653300000000000000e+05 3.444340000000000000e+05 8.984700000000000000e+04 1.000000000000000000e+00 3.590000000000000000e+02 2.900000000000000000e+01
5.656210000000000000e+05 3.440580000000000000e+05 8.990800000000000000e+04 0.000000000000000000e+00 3.900000000000000000e+02 2.300000000000000000e+01
5.642740000000000000e+05 3.444930000000000000e+05 9.083900000000000000e+04 0.000000000000000000e+00 3.650000000000000000e+02 2.900000000000000000e+01
5.643940000000000000e+05 3.444510000000000000e+05 9.076800000000000000e+04 0.000000000000000000e+00 3.510000000000000000e+02 3.600000000000000000e+01
5.638590000000000000e+05 3.445670000000000000e+05 9.114300000000000000e+04 1.000000000000000000e+00 3.960000000000000000e+02 3.400000000000000000e+01
5.635630000000000000e+05 3.446020000000000000e+05 9.139800000000000000e+04 0.000000000000000000e+00 4.080000000000000000e+02 2.900000000000000000e+01
5.623110000000000000e+05 3.457110000000000000e+05 9.152700000000000000e+04 0.000000000000000000e+00 4.270000000000000000e+02 2.400000000000000000e+01
5.625050000000000000e+05 3.449390000000000000e+05 9.209300000000000000e+04 0.000000000000000000e+00 4.260000000000000000e+02 3.700000000000000000e+01
5.616550000000000000e+05 3.456030000000000000e+05 9.230500000000000000e+04 0.000000000000000000e+00 4.020000000000000000e+02 3.500000000000000000e+01
5.627990000000000000e+05 3.443840000000000000e+05 9.236500000000000000e+04 1.000000000000000000e+00 4.200000000000000000e+02 3.100000000000000000e+01
5.612040000000000000e+05 3.452380000000000000e+05 9.309700000000000000e+04 0.000000000000000000e+00 4.250000000000000000e+02 3.600000000000000000e+01
5.610120000000000000e+05 3.456960000000000000e+05 9.284900000000000000e+04 0.000000000000000000e+00 4.110000000000000000e+02 3.200000000000000000e+01
5.614830000000000000e+05 3.445940000000000000e+05 9.346600000000000000e+04 1.000000000000000000e+00 4.170000000000000000e+02 3.900000000000000000e+01
5.600650000000000000e+05 3.457120000000000000e+05 9.372500000000000000e+04 1.000000000000000000e+00 4.600000000000000000e+02 3.700000000000000000e+01
5.596610000000000000e+05 3.459030000000000000e+05 9.391500000000000000e+04 0.000000000000000000e+00 4.820000000000000000e+02 3.900000000000000000e+01
5.602010000000000000e+05 3.450160000000000000e+05 9.430400000000000000e+04 0.000000000000000000e+00 4.410000000000000000e+02 3.800000000000000000e+01
5.585450000000000000e+05 3.458480000000000000e+05 9.510200000000000000e+04 0.000000000000000000e+00 4.660000000000000000e+02 3.900000000000000000e+01
5.595660000000000000e+05 3.456490000000000000e+05 9.430400000000000000e+04 0.000000000000000000e+00 4.400000000000000000e+02 4.100000000000000000e+01
5.585860000000000000e+05 3.458750000000000000e+05 9.502100000000000000e+04 1.000000000000000000e+00 4.770000000000000000e+02 4.000000000000000000e+01
5.579380000000000000e+05 3.465030000000000000e+05 9.507400000000000000e+04 0.000000000000000000e+00 4.520000000000000000e+02 3.300000000000000000e+01
5.581120000000000000e+05 3.461080000000000000e+05 9.529600000000000000e+04 1.000000000000000000e+00 4.430000000000000000e+02 4.000000000000000000e+01
5.570180000000000000e+05 3.466420000000000000e+05 9.580200000000000000e+04 0.000000000000000000e+00 4.970000000000000000e+02 4.100000000000000000e+01
5.569500000000000000e+05 3.470790000000000000e+05 9.544500000000000000e+04 0.000000000000000000e+00 4.830000000000000000e+02 4.300000000000000000e+01
5.561760000000000000e+05 3.466200000000000000e+05 9.669000000000000000e+04 2.000000000000000000e+00 4.700000000000000000e+02 4.200000000000000000e+01
5.554430000000000000e+05 3.472050000000000000e+05 9.677800000000000000e+04 1.000000000000000000e+00 5.220000000000000000e+02 5.100000000000000000e+01
5.560680000000000000e+05 3.462350000000000000e+05 9.717100000000000000e+04 0.000000000000000000e+00 4.860000000000000000e+02 4.000000000000000000e+01
5.554440000000000000e+05 3.465250000000000000e+05 9.744600000000000000e+04 2.000000000000000000e+00 5.370000000000000000e+02 4.600000000000000000e+01
5.542440000000000000e+05 3.470680000000000000e+05 9.810200000000000000e+04 1.000000000000000000e+00 5.370000000000000000e+02 4.800000000000000000e+01
5.552230000000000000e+05 3.468420000000000000e+05 9.737000000000000000e+04 0.000000000000000000e+00 5.180000000000000000e+02 4.700000000000000000e+01
5.556200000000000000e+05 3.464050000000000000e+05 9.740900000000000000e+04 0.000000000000000000e+00 5.200000000000000000e+02 4.600000000000000000e+01
5.542380000000000000e+05 3.470630000000000000e+05 9.813500000000000000e+04 0.000000000000000000e+00 5.220000000000000000e+02 4.200000000000000000e+01
5.526930000000000000e+05 3.482610000000000000e+05 9.846800000000000000e+04 2.000000000000000000e+00 5.390000000000000000e+02 3.700000000000000000e+01
5.526180000000000000e+05 3.479390000000000000e+05 9.883300000000000000e+04 0.000000000000000000e+00 5.640000000000000000e+02 4.600000000000000000e+01
5.534310000000000000e+05 3.469360000000000000e+05 9.901100000000000000e+04 0.000000000000000000e+00 5.760000000000000000e+02 4.600000000000000000e+01
5.522390000000000000e+05 3.469220000000000000e+05 1.002110000000000000e+05 1.000000000000000000e+00 5.800000000000000000e+02 4.700000000000000000e+01
5.523470000000000000e+05 3.472750000000000000e+05 9.976900000000000000e+04 2.000000000000000000e+00 5.480000000000000000e+02 5.900000000000000000e+01
5.510340000000000000e+05 3.480460000000000000e+05 1.002930000000000000e+05 1.000000000000000000e+00 5.780000000000000000e+02 4.800000000000000000e+01
5.512010000000000000e+05 3.478660000000000000e+05 1.002880000000000000e+05 1.000000000000000000e+00 5.840000000000000000e+02 6.000000000000000000e+01
5.517670000000000000e+05 3.468770000000000000e+05 1.006940000000000000e+05 1.000000000000000000e+00 6.110000000000000000e+02 5.000000000000000000e+01
5.508460000000000000e+05 3.475630000000000000e+05 1.009150000000000000e+05 0.000000000000000000e+00 6.210000000000000000e+02 5.500000000000000000e+01
5.509600000000000000e+05 3.475410000000000000e+05 1.008270000000000000e+05 2.000000000000000000e+00 6.210000000000000000e+02 4.900000000000000000e+01
5.496410000000000000e+05 3.479670000000000000e+05 1.016880000000000000e+05 1.000000000000000000e+00 6.470000000000000000e+02 5.600000000000000000e+01
5.493680000000000000e+05 3.480590000000000000e+05 1.018590000000000000e+05 0.000000000000000000e+00 6.560000000000000000e+02 5.800000000000000000e+01
5.490570000000000000e+05 3.480560000000000000e+05 1.021510000000000000e+05 0.000000000000000000e+00 6.760000000000000000e+02 6.000000000000000000e+01
5.489270000000000000e+05 3.481580000000000000e+05 1.021700000000000000e+05 1.000000000000000000e+00 6.910000000000000000e+02 5.300000000000000000e+01
5.482320000000000000e+05 3.485810000000000000e+05 1.024250000000000000e+05 2.000000000000000000e+00 6.900000000000000000e+02 7.000000000000000000e+01
5.477040000000000000e+05 3.483560000000000000e+05 1.031770000000000000e+05 2.000000000000000000e+00 6.980000000000000000e+02 6.300000000000000000e+01
5.483210000000000000e+05 3.481890000000000000e+05 1.027370000000000000e+05 1.000000000000000000e+00 6.800000000000000000e+02 7.200000000000000000e+01
5.479480000000000000e+05 3.482880000000000000e+05 1.030080000000000000e+05 3.000000000000000000e+00 6.980000000000000000e+02 5.500000000000000000e+01
5.467340000000000000e+05 3.490490000000000000e+05 1.034730000000000000e+05 0.000000000000000000e+00 6.860000000000000000e+02 5.800000000000000000e+01
5.458810000000000000e+05 3.492470000000000000e+05 1.040810000000000000e+05 1.000000000000000000e+00 7.020000000000000000e+02 8.800000000000000000e+01
5.461630000000000000e+05 3.489450000000000000e+05 1.040930000000000000e+05 1.000000000000000000e+00 7.210000000000000000e+02 7.700000000000000000e+01
5.464310000000000000e+05 3.486030000000000000e+05 1.041170000000000000e+05 2.000000000000000000e+00 7.850000000000000000e+02 6.200000000000000000e+01
5.449700000000000000e+05 3.492700000000000000e+05 1.049890000000000000e+05 0.000000000000000000e+00 6.950000000000000000e+02 7.600000000000000000e+01
5.455100000000000000e+05 3.491340000000000000e+05 1.045150000000000000e+05 1.000000000000000000e+00 7.700000000000000000e+02 7.000000000000000000e+01
5.455630000000000000e+05 3.487180000000000000e+05 1.049100000000000000e+05 1.000000000000000000e+00 7.480000000000000000e+02 6.000000000000000000e+01
5.439130000000000000e+05 3.498470000000000000e+05 1.054130000000000000e+05 1.000000000000000000e+00 7.580000000000000000e+02 6.800000000000000000e+01
5.443030000000000000e+05 3.488640000000000000e+05 1.059570000000000000e+05 3.000000000000000000e+00 7.950000000000000000e+02 7.800000000000000000e+01
5.439470000000000000e+05 3.496560000000000000e+05 1.055630000000000000e+05 0.000000000000000000e+00 7.640000000000000000e+02 7.000000000000000000e+01
5.434820000000000000e+05 3.497700000000000000e+05 1.059210000000000000e+05 3.000000000000000000e+00 7.370000000000000000e+02 8.700000000000000000e+01
5.421270000000000000e+05 3.503830000000000000e+05 1.066310000000000000e+05 2.000000000000000000e+00 7.760000000000000000e+02 8.100000000000000000e+01
5.430580000000000000e+05 3.498220000000000000e+05 1.063110000000000000e+05 3.000000000000000000e+00 7.480000000000000000e+02 5.800000000000000000e+01
5.422570000000000000e+05 3.502510000000000000e+05 1.066230000000000000e+05 1.000000000000000000e+00 7.770000000000000000e+02 9.100000000000000000e+01
5.415860000000000000e+05 3.502700000000000000e+05 1.072120000000000000e+05 3.000000000000000000e+00 8.530000000000000000e+02 7.600000000000000000e+01
5.415820000000000000e+05 3.499530000000000000e+05 1.075190000000000000e+05 1.000000000000000000e+00 8.530000000000000000e+02 9.200000000000000000e+01
5.407880000000000000e+05 3.504700000000000000e+05 1.077810000000000000e+05 2.000000000000000000e+00 8.730000000000000000e+02 8.600000000000000000e+01
5.409780000000000000e+05 3.501570000000000000e+05 1.079200000000000000e+05 1.000000000000000000e+00 8.620000000000000000e+02 8.200000000000000000e+01
5.405690000000000000e+05 3.495190000000000000e+05 1.089720000000000000e+05 2.000000000000000000e+00 8.600000000000000000e+02 7.800000000000000000e+01
5.395830000000000000e+05 3.505660000000000000e+05 1.089480000000000000e+05 0.000000000000000000e+00 8.270000000000000000e+02 7.600000000000000000e+01
5.400550000000000000e+05 3.501670000000000000e+05 1.088060000000000000e+05 1.000000000000000000e+00 8.900000000000000000e+02 8.100000000000000000e+01
5.395890000000000000e+05 3.502650000000000000e+05 1.091430000000000000e+05 3.000000000000000000e+00 9.140000000000000000e+02 8.600000000000000000e+01
5.398680000000000000e+05 3.501370000000000000e+05 1.089820000000000000e+05 2.000000000000000000e+00 9.160000000000000000e+02 9.500000000000000000e+01
5.392190000000000000e+05 3.501110000000000000e+05 1.096330000000000000e+05 4.000000000000000000e+00 9.340000000000000000e+02 9.900000000000000000e+01
5.384750000000000000e+05 3.508340000000000000e+05 1.096010000000000000e+05 6.000000000000000000e+00 9.810000000000000000e+02 1.030000000000000000e+02
5.392260000000000000e+05 3.498760000000000000e+05 1.098060000000000000e+05 3.000000000000000000e+00 9.960000000000000000e+02 9.300000000000000000e+01
5.386130000000000000e+05 3.502690000000000000e+05 1.100720000000000000e+05 1.000000000000000000e+00 9.490000000000000000e+02 9.600000000000000000e+01
5.376630000000000000e+05 3.505540000000000000e+05 1.106820000000000000e+05 4.000000000000000000e+00 9.970000000000000000e+02 1.000000000000000000e+02
5.371920000000000000e+05 3.508420000000000000e+05 1.108460000000000000e+05 1.000000000000000000e+00 1.016000000000000000e+03 1.030000000000000000e+02
5.375230000000000000e+05 3.503330000000000000e+05 1.109820000000000000e+05 6.000000000000000000e+00 1.053000000000000000e+03 1.030000000000000000e+02
5.369070000000000000e+05 3.503180000000000000e+05 1.116490000000000000e+05 2.000000000000000000e+00 1.004000000000000000e+03 1.200000000000000000e+02
5.363470000000000000e+05 3.507720000000000000e+05 1.117390000000000000e+05 2.000000000000000000e+00 1.022000000000000000e+03 1.180000000000000000e+02
5.363200000000000000e+05 3.514020000000000000e+05 1.111920000000000000e+05 1.000000000000000000e+00 9.830000000000000000e+02 1.020000000000000000e+02
5.360570000000000000e+05 3.506730000000000000e+05 1.121660000000000000e+05 4.000000000000000000e+00 9.950000000000000000e+02 1.050000000000000000e+02
5.355790000000000000e+05 3.512230000000000000e+05 1.120530000000000000e+05 4.000000000000000000e+00 1.041000000000000000e+03 1.000000000000000000e+02
5.355240000000000000e+05 3.503050000000000000e+05 1.129950000000000000e+05 5.000000000000000000e+00 1.051000000000000000e+03 1.200000000000000000e+02
5.348560000000000000e+05 3.510080000000000000e+05 1.129370000000000000e+05 1.000000000000000000e+00 1.070000000000000000e+03 1.280000000000000000e+02
5.353090000000000000e+05 3.505720000000000000e+05 1.129040000000000000e+05 3.000000000000000000e+00 1.094000000000000000e+03 1.180000000000000000e+02
5.343360000000000000e+05 3.512100000000000000e+05 1.132480000000000000e+05 5.000000000000000000e+00 1.089000000000000000e+03 1.120000000000000000e+02
5.334970000000000000e+05 3.512430000000000000e+05 1.140580000000000000e+05 2.000000000000000000e+00 1.080000000000000000e+03 1.200000000000000000e+02
5.337820000000000000e+05 3.517010000000000000e+05 1.132900000000000000e+05 1.000000000000000000e+00 1.103000000000000000e+03 1.230000000000000000e+02
5.324800000000000000e+05 3.518060000000000000e+05 1.144430000000000000e+05 3.000000000000000000e+00 1.146000000000000000e+03 1.220000000000000000e+02
5.327980000000000000e+05 3.518290000000000000e+05 1.141040000000000000e+05 2.000000000000000000e+00 1.140000000000000000e+03 1.270000000000000000e+02
5.325940000000000000e+05 3.517980000000000000e+05 1.143300000000000000e+05 4.000000000000000000e+00 1.159000000000000000e+03 1.150000000000000000e+02
5.328150000000000000e+05 3.513260000000000000e+05 1.145330000000000000e+05 2.000000000000000000e+00 1.171000000000000000e+03 1.530000000000000000e+02
5.316000000000000000e+05 3.524190000000000000e+05 1.147080000000000000e+05 4.000000000000000000e+00 1.152000000000000000e+03 1.170000000000000000e+02
5.314930000000000000e+05 3.515650000000000000e+05 1.155730000000000000e+05 4.000000000000000000e+00 1.208000000000000000e+03 1.570000000000000000e+02
5.316280000000000000e+05 3.513690000000000000e+05 1.156760000000000000e+05 6.000000000000000000e+00 1.181000000000000000e+03 1.400000000000000000e+02
5.311590000000000000e+05 3.513260000000000000e+05 1.161980000000000000e+05 6.000000000000000000e+00 1.172000000000000000e+03 1.390000000000000000e+02
5.313720000000000000e+05 3.522810000000000000e+05 1.150680000000000000e+05 1.000000000000000000e+00 1.135000000000000000e+03 1.430000000000000000e+02
5.304600000000000000e+05 3.515190000000000000e+05 1.166390000000000000e+05 3.000000000000000000e+00 1.237000000000000000e+03 1.420000000000000000e+02
5.293720000000000000e+05 3.528030000000000000e+05 1.165070000000000000e+05 5.000000000000000000e+00 1.204000000000000000e+03 1.090000000000000000e+02
5.300010000000000000e+05 3.519370000000000000e+05 1.166650000000000000e+05 7.000000000000000000e+00 1.242000000000000000e+03 1.480000000000000000e+02
5.304400000000000000e+05 3.513530000000000000e+05 1.168710000000000000e+05 7.000000000000000000e+00 1.203000000000000000e+03 1.260000000000000000e+02
5.292310000000000000e+05 3.519710000000000000e+05 1.173670000000000000e+05 4.000000000000000000e+00 1.302000000000000000e+03 1.250000000000000000e+02
5.282950000000000000e+05 3.527930000000000000e+05 1.174510000000000000e+05 4.000000000000000000e+00 1.308000000000000000e+03 1.490000000000000000e+02
5.281010000000000000e+05 3.527310000000000000e+05 1.177230000000000000e+05 4.000000000000000000e+00 1.275000000000000000e+03 1.660000000000000000e+02
5.281710000000000000e+05 3.518670000000000000e+05 1.185450000000000000e+05 8.000000000000000000e+00 1.266000000000000000e+03 1.430000000000000000e+02
5.287990000000000000e+05 3.517190000000000000e+05 1.180480000000000000e+05 4.000000000000000000e+00 1.300000000000000000e+03 1.300000000000000000e+02
5.280480000000000000e+05 3.521150000000000000e+05 1.182500000000000000e+05 3.000000000000000000e+00 1.450000000000000000e+03 1.340000000000000000e+02
5.266180000000000000e+05 3.535240000000000000e+05 1.182980000000000000e+05 5.000000000000000000e+00 1.408000000000000000e+03 1.470000000000000000e+02
5.263610000000000000e+05 3.527370000000000000e+05 1.193390000000000000e+05 8.000000000000000000e+00 1.378000000000000000e+03 1.770000000000000000e+02
5.269560000000000000e+05 3.525070000000000000e+05 1.189510000000000000e+05 6.000000000000000000e+00 1.421000000000000000e+03 1.590000000000000000e+02
5.263920000000000000e+05 3.522920000000000000e+05 1.197670000000000000e+05 1.000000000000000000e+00 1.388000000000000000e+03 1.600000000000000000e+02
5.258660000000000000e+05 3.528710000000000000e+05 1.196760000000000000e+05 7.000000000000000000e+00 1.402000000000000000e+03 1.780000000000000000e+02
5.252170000000000000e+05 3.529430000000000000e+05 1.202840000000000000e+05 4.000000000000000000e+00 1.385000000000000000e+03 1.670000000000000000e+02
5.255930000000000000e+05 3.522040000000000000e+05 1.206410000000000000e+05 4.000000000000000000e+00 1.381000000000000000e+03 1.770000000000000000e+02
5.254870000000000000e+05 3.524860000000000000e+05 1.203710000000000000e+05 4.000000000000000000e+00 1.496000000000000000e+03 1.560000000000000000e+02
5.249450000000000000e+05 3.525880000000000000e+05 1.207850000000000000e+05 3.000000000000000000e+00 1.497000000000000000e+03 1.820000000000000000e+02
5.248240000000000000e+05 3.535880000000000000e+05 1.199780000000000000e+05 5.000000000000000000e+00 1.435000000000000000e+03 1.700000000000000000e+02
5.244180000000000000e+05 3.528400000000000000e+05 1.210540000000000000e+05 8.000000000000000000e+00 1.512000000000000000e+03 1.680000000000000000e+02
5.235520000000000000e+05 3.529190000000000000e+05 1.218400000000000000e+05 5.000000000000000000e+00 1.496000000000000000e+03 1.880000000000000000e+02
5.244850000000000000e+05 3.521480000000000000e+05 1.216250000000000000e+05 5.000000000000000000e+00 1.542000000000000000e+03 1.950000000000000000e+02
5.231430000000000000e+05 3.535690000000000000e+05 1.215990000000000000e+05 6.000000000000000000e+00 1.492000000000000000e+03 1.910000000000000000e+02
5.224070000000000000e+05 3.535580000000000000e+05 1.223010000000000000e+05 6.000000000000000000e+00 1.541000000000000000e+03 1.870000000000000000e+02
5.230410000000000000e+05 3.530500000000000000e+05 1.221230000000000000e+05 8.000000000000000000e+00 1.595000000000000000e+03 1.830000000000000000e+02
5.233180000000000000e+05 3.528590000000000000e+05 1.220230000000000000e+05 7.000000000000000000e+00 1.584000000000000000e+03 2.090000000000000000e+02
5.213910000000000000e+05 3.535450000000000000e+05 1.232930000000000000e+05 4.000000000000000000e+00 1.577000000000000000e+03 1.900000000000000000e+02
5.216080000000000000e+05 3.534430000000000000e+05 1.231570000000000000e+05 6.000000000000000000e+00 1.584000000000000000e+03 2.020000000000000000e+02
5.214950000000000000e+05 3.530260000000000000e+05 1.236160000000000000e+05 7.000000000000000000e+00 1.607000000000000000e+03 2.490000000000000000e+02
5.218640000000000000e+05 3.524530000000000000e+05 1.238530000000000000e+05 7.000000000000000000e+00 1.636000000000000000e+03 1.870000000000000000e+02
5.209840000000000000e+05 3.531980000000000000e+05 1.239510000000000000e+05 1.000000000000000000e+01 1.645000000000000000e+03 2.120000000000000000e+02
5.215670000000000000e+05 3.530310000000000000e+05 1.234700000000000000e+05 1.000000000000000000e+01 1.725000000000000000e+03 1.970000000000000000e+02
5.208860000000000000e+05 3.535870000000000000e+05 1.235530000000000000e+05 1.000000000000000000e+01 1.741000000000000000e+03 2.230000000000000000e+02
5.207670000000000000e+05 3.531170000000000000e+05 1.241320000000000000e+05 8.000000000000000000e+00 1.740000000000000000e+03 2.360000000000000000e+02
5.204520000000000000e+05 3.536390000000000000e+05 1.239980000000000000e+05 1.500000000000000000e+01 1.658000000000000000e+03 2.380000000000000000e+02
5.196930000000000000e+05 3.532690000000000000e+05 1.250230000000000000e+05 5.000000000000000000e+00 1.784000000000000000e+03 2.260000000000000000e+02
5.189060000000000000e+05 3.539300000000000000e+05 1.251760000000000000e+05 6.000000000000000000e+00 1.778000000000000000e+03 2.040000000000000000e+02
5.191230000000000000e+05 3.533360000000000000e+05 1.255550000000000000e+05 9.000000000000000000e+00 1.726000000000000000e+03 2.510000000000000000e+02
5.187960000000000000e+05 3.532680000000000000e+05 1.259850000000000000e+05 6.000000000000000000e+00 1.697000000000000000e+03 2.480000000000000000e+02
5.190000000000000000e+05 3.531730000000000000e+05 1.257570000000000000e+05 7.000000000000000000e+00 1.810000000000000000e+03 2.530000000000000000e+02
5.194040000000000000e+05 3.530070000000000000e+05 1.255730000000000000e+05 1.000000000000000000e+01 1.746000000000000000e+03 2.600000000000000000e+02
5.181510000000000000e+05 3.534610000000000000e+05 1.263000000000000000e+05 9.000000000000000000e+00 1.850000000000000000e+03 2.290000000000000000e+02
5.171270000000000000e+05 3.545640000000000000e+05 1.262600000000000000e+05 5.000000000000000000e+00 1.822000000000000000e+03 2.220000000000000000e+02
5.174290000000000000e+05 3.534390000000000000e+05 1.270790000000000000e+05 4.000000000000000000e+00 1.800000000000000000e+03 2.490000000000000000e+02
5.163500000000000000e+05 3.540320000000000000e+05 1.275120000000000000e+05 1.100000000000000000e+01 1.851000000000000000e+03 2.440000000000000000e+02
5.171590000000000000e+05 3.539730000000000000e+05 1.266930000000000000e+05 5.000000000000000000e+00 1.939000000000000000e+03 2.310000000000000000e+02
5.165400000000000000e+05 3.539550000000000000e+05 1.272730000000000000e+05 1.400000000000000000e+01 1.967000000000000000e+03 2.510000000000000000e+02
5.158270000000000000e+05 3.544210000000000000e+05 1.275620000000000000e+05 6.000000000000000000e+00 1.924000000000000000e+03 2.600000000000000000e+02
5.162520000000000000e+05 3.534640000000000000e+05 1.281740000000000000e+05 7.000000000000000000e+00 1.838000000000000000e+03 2.650000000000000000e+02
5.157470000000000000e+05 3.545850000000000000e+05 1.274590000000000000e+05 1.100000000000000000e+01 1.921000000000000000e+03 2.770000000000000000e+02
5.162080000000000000e+05 3.538110000000000000e+05 1.277780000000000000e+05 9.000000000000000000e+00 1.927000000000000000e+03 2.670000000000000000e+02
5.161710000000000000e+05 3.534510000000000000e+05 1.281160000000000000e+05 1.200000000000000000e+01 1.977000000000000000e+03 2.730000000000000000e+02
5.145770000000000000e+05 3.542680000000000000e+05 1.288630000000000000e+05 8.000000000000000000e+00 2.006000000000000000e+03 2.780000000000000000e+02
5.155540000000000000e+05 3.530400000000000000e+05 1.290680000000000000e+05 9.000000000000000000e+00 2.044000000000000000e+03 2.850000000000000000e+02
5.146360000000000000e+05 3.535300000000000000e+05 1.294940000000000000e+05 1.000000000000000000e+01 2.053000000000000000e+03 2.770000000000000000e+02
5.135760000000000000e+05 3.544500000000000000e+05 1.295720000000000000e+05 1.200000000000000000e+01 2.118000000000000000e+03 2.720000000000000000e+02
5.132480000000000000e+05 3.543650000000000000e+05 1.299900000000000000e+05 1.600000000000000000e+01 2.073000000000000000e+03 3.080000000000000000e+02
5.131400000000000000e+05 3.542250000000000000e+05 1.303070000000000000e+05 1.000000000000000000e+01 2.037000000000000000e+03 2.810000000000000000e+02
5.119180000000000000e+05 3.553490000000000000e+05 1.303330000000000000e+05 3.000000000000000000e+00 2.102000000000000000e+03 2.950000000000000000e+02
5.128510000000000000e+05 3.540830000000000000e+05 1.306640000000000000e+05 1.200000000000000000e+01 2.077000000000000000e+03 3.130000000000000000e+02
5.122840000000000000e+05 3.549210000000000000e+05 1.303090000000000000e+05 1.000000000000000000e+01 2.150000000000000000e+03 3.260000000000000000e+02
5.122550000000000000e+05 3.544500000000000000e+05 1.308550000000000000e+05 1.400000000000000000e+01 2.127000000000000000e+03 2.990000000000000000e+02
5.126750000000000000e+05 3.543460000000000000e+05 1.304450000000000000e+05 9.000000000000000000e+00 2.220000000000000000e+03 3.050000000000000000e+02
5.121850000000000000e+05 3.539450000000000000e+05 1.314050000000000000e+05 1.100000000000000000e+01 2.141000000000000000e+03 3.130000000000000000e+02
5.120540000000000000e+05 3.541610000000000000e+05 1.312410000000000000e+05 7.000000000000000000e+00 2.233000000000000000e+03 3.040000000000000000e+02
5.123920000000000000e+05 3.542870000000000000e+05 1.307990000000000000e+05 1.800000000000000000e+01 2.203000000000000000e+03 3.010000000000000000e+02
5.116190000000000000e+05 3.546090000000000000e+05 1.311850000000000000e+05 1.000000000000000000e+01 2.248000000000000000e+03 3.290000000000000000e+02
5.123560000000000000e+05 3.531290000000000000e+05 1.319450000000000000e+05 1.000000000000000000e+01 2.227000000000000000e+03 3.330000000000000000e+02
5.106900000000000000e+05 3.540800000000000000e+05 1.324980000000000000e+05 1.200000000000000000e+01 2.385000000000000000e+03 3.350000000000000000e+02
5.098730000000000000e+05 3.546160000000000000e+05 1.328590000000000000e+05 1.500000000000000000e+01 2.312000000000000000e+03 3.250000000000000000e+02
5.102210000000000000e+05 3.546120000000000000e+05 1.326200000000000000e+05 1.000000000000000000e+01 2.214000000000000000e+03 3.230000000000000000e+02
5.101780000000000000e+05 3.541250000000000000e+05 1.330300000000000000e+05 2.000000000000000000e+01 2.311000000000000000e+03 3.360000000000000000e+02
5.105410000000000000e+05 3.530060000000000000e+05 1.337670000000000000e+05 1.700000000000000000e+01 2.341000000000000000e+03 3.280000000000000000e+02
5.092680000000000000e+05 3.547030000000000000e+05 1.333990000000000000e+05 1.900000000000000000e+01 2.307000000000000000e+03 3.040000000000000000e+02
5.095680000000000000e+05 3.540990000000000000e+05 1.335900000000000000e+05 1.300000000000000000e+01 2.385000000000000000e+03 3.450000000000000000e+02
5.089490000000000000e+05 3.546270000000000000e+05 1.336600000000000000e+05 2.000000000000000000e+01 2.383000000000000000e+03 3.610000000000000000e+02
5.081860000000000000e+05 3.553420000000000000e+05 1.336330000000000000e+05 1.500000000000000000e+01 2.485000000000000000e+03 3.390000000000000000e+02
5.091270000000000000e+05 3.539550000000000000e+05 1.340440000000000000e+05 1.300000000000000000e+01 2.498000000000000000e+03 3.630000000000000000e+02
5.091270000000000000e+05 3.539800000000000000e+05 1.340160000000000000e+05 1.700000000000000000e+01 2.480000000000000000e+03 3.800000000000000000e+02
5.074770000000000000e+05 3.548880000000000000e+05 1.347800000000000000e+05 1.500000000000000000e+01 2.482000000000000000e+03 3.580000000000000000e+02
5.084060000000000000e+05 3.542900000000000000e+05 1.344930000000000000e+05 1.700000000000000000e+01 2.432000000000000000e+03 3.620000000000000000e+02
5.072060000000000000e+05 3.555680000000000000e+05 1.342660000000000000e+05 1.900000000000000000e+01 2.556000000000000000e+03 3.850000000000000000e+02
5.070130000000000000e+05 3.545890000000000000e+05 1.354180000000000000e+05 2.000000000000000000e+01 2.588000000000000000e+03 3.720000000000000000e+02
5.075270000000000000e+05 3.541470000000000000e+05 1.353590000000000000e+05 1.600000000000000000e+01 2.555000000000000000e+03 3.960000000000000000e+02
5.062560000000000000e+05 3.551930000000000000e+05 1.355360000000000000e+05 2.400000000000000000e+01 2.614000000000000000e+03 3.770000000000000000e+02
5.063750000000000000e+05 3.548040000000000000e+05 1.357790000000000000e+05 1.900000000000000000e+01 2.633000000000000000e+03 3.900000000000000000e+02
5.066220000000000000e+05 3.544230000000000000e+05 1.360350000000000000e+05 1.600000000000000000e+01 2.536000000000000000e+03 3.680000000000000000e+02
5.056860000000000000e+05 3.553710000000000000e+05 1.358830000000000000e+05 2.100000000000000000e+01 2.650000000000000000e+03 3.890000000000000000e+02
5.050190000000000000e+05 3.556920000000000000e+05 1.362310000000000000e+05 1.500000000000000000e+01 2.660000000000000000e+03 3.830000000000000000e+02
5.051480000000000000e+05 3.551350000000000000e+05 1.365940000000000000e+05 1.300000000000000000e+01 2.716000000000000000e+03 3.940000000000000000e+02
5.058120000000000000e+05 3.545970000000000000e+05 1.365340000000000000e+05 1.300000000000000000e+01 2.642000000000000000e+03 4.020000000000000000e+02
5.045760000000000000e+05 3.556670000000000000e+05 1.365240000000000000e+05 1.900000000000000000e+01 2.740000000000000000e+03 4.740000000000000000e+02
5.039380000000000000e+05 3.559190000000000000e+05 1.370080000000000000e+05 1.500000000000000000e+01 2.682000000000000000e+03 4.380000000000000000e+02
5.038710000000000000e+05 3.556090000000000000e+05 1.373440000000000000e+05 2.200000000000000000e+01 2.718000000000000000e+03 4.360000000000000000e+02
