30.0 30.0 30.0 30.0 30.0 30.0 30.0 30.0 30.0 30.0 30.0 30.0 30.0
30.0 30.0 30.0 30.0 30.0 30.0 30.0 30.0 30.0 30.0 30.0 30.0 29.0
29.0 29.0 30.0 30.0 30.0 30.0 30.0 30.0 30.0 30.0 30.0 30.0 30.0
24.0 26.0 28.0 29.0 29.0 30.0 30.0 30.0 30.0 30.0 30.0 30.0 30.0
18.0 21.0 23.0 25.0 28.0 29.0 30.0 30.0 30.0 30.0 30.0 30.0 30.0
12.0 16.0 19.0 21.0 24.0 27.0 29.0 30.0 30.0 30.0 30.0 30.0 30.0
7.0 10.0 14.0 17.0 20.0 24.0 27.0 29.0 30.0 30.0 30.0 30.0 30.0
2.0 5.0 9.0 13.0 17.0 20.0 24.0 27.0 29.0 30.0 30.0 30.0 30.0
0.0 1.0 5.0 8.0 12.0 17.0 21.0 25.0 28.0 30.0 30.0 30.0 30.0
0.0 0.0 1.0 4.0 9.0 13.0 18.0 22.0 27.0 29.0 30.0 30.0 30.0
0.0 0.0 0.0 1.0 5.0 10.0 15.0 21.0 25.0 29.0 30.0 30.0 30.0
0.0 0.0 0.0 0.0 2.0 7.0 12.0 18.0 23.0 28.0 29.0 30.0 30.0
0.0 0.0 0.0 0.0 0.0 4.0 9.0 16.0 21.0 26.0 29.0 30.0 30.0
0.0 0.0 0.0 0.0 0.0 1.0 7.0 13.0 19.0 25.0 29.0 30.0 30.0
0.0 0.0 0.0 0.0 0.0 0.0 4.0 10.0 18.0 24.0 29.0 30.0 30.0
0.0 0.0 0.0 0.0 0.0 0.0 1.0 8.0 16.0 23.0 28.0 30.0 30.0
0.0 0.0 0.0 0.0 0.0 0.0 1.0 6.0 14.0 21.0 27.0 29.0 30.0
0.0 0.0 0.0 0.0 0.0 0.0 0.0 4.0 11.0 19.0 27.0 29.0 30.0
0.0 0.0 0.0 0.0 0.0 0.0 0.0 1.0 10.0 18.0 26.0 29.0 30.0
0.0 0.0 0.0 0.0 0.0 0.0 0.0 1.0 7.0 17.0 25.0 29.0 30.0
0.0 0.0 0.0 0.0 0.0 0.0 0.0 0.0 6.0 15.0 24.0 29.0 30.0
0.0 0.0 0.0 0.0 0.0 0.0 0.0 0.0 4.0 14.0 23.0 29.0 30.0
0.0 0.0 0.0 0.0 0.0 0.0 0.0 0.0 2.0 12.0 22.0 28.0 30.0
0.0 0.0 0.0 0.0 0.0 0.0 0.0 0.0 1.0 11.0 21.0 28.0 29.0
0.0 0.0 0.0 0.0 0.0 0.0 0.0 0.0 1.0 9.0 20.0 28.0 30.0
0.0 0.0 0.0 0.0 0.0 0.0 0.0 0.0 0.0 8.0 19.0 27.0 30.0
