5.228442536495957249e+00 8.604562678106539408e+00 1.756112079831473238e+01
1.357525984354482773e+01 2.388708838370192211e+00 1.865254871505270273e+01
3.518558808677451299e+00 1.385145704527848576e+00 1.762600121330379466e+01
1.349310623044225110e+01 6.334206195718945054e+00 1.815373319979006439e+01
3.669927954422196326e+00 5.122775129494513635e+00 1.839553641734251599e+01
5.515663108289778016e+00 2.733148984146227090e+00 1.845112893497464412e+01
1.017969407340606658e+01 5.101287178752860196e-01 1.844699892542231012e+01
7.284330700557737792e+00 5.304005358022404470e-01 1.844192640039412723e+01
1.906372778437925408e+00 7.869618941919896749e+00 1.861793628145018786e+01
8.565619994342343446e+00 3.067931063444506723e+00 1.842946959786267414e+01
6.962668608337139631e+00 5.985328024878231012e+00 1.769098746870290029e+01
1.127662072327074938e+01 4.695671454604290140e+00 1.874146858262950488e+01
1.194589022828887792e+01 8.390932191426127673e+00 1.760058198532948026e+01
8.606621054994182174e+00 7.219862543394213183e+00 1.845793409930769613e+01
9.897134553013669844e+00 5.916701822770806807e+00 1.727903105934873196e+01
3.485227065704024074e+00 7.015386294689989199e+00 1.624011604802785413e+01
1.363222969195879841e+01 2.624119819493647032e+00 1.629579890751402260e+01
1.661354130804556073e+00 5.879805153864389844e+00 1.514823134792180781e+01
1.191366347439176288e+01 9.444073262496315291e-01 1.561473392917505798e+01
3.507550315901188931e+00 3.501181015200829805e+00 1.498546835562584612e+01
6.839312795513565746e+00 7.228586554512288487e+00 1.636121079368202302e+01
8.207581469657711182e+00 4.973613019235100907e+00 1.625213472964669137e+01
5.274344329342454785e+00 4.934395463516493940e+00 1.639113162437334736e+01
1.361171037350891133e+01 7.859206805873554913e+00 1.580137169447494472e+01
1.014447219790374888e+01 2.607543214522325403e+00 1.641983884658603188e+01
8.390880803284524347e+00 2.360503881305173302e+00 1.600680125465546766e+01
9.742494933955553549e+00 7.484531915036884087e+00 1.613445113132182840e+01
4.984829047408342539e+00 1.823808704839780415e+00 1.627604219753633430e+01
1.234037206854898194e+01 5.477993525590747481e+00 1.651785702928182786e+01
6.999906324454420847e+00 3.509116555091252643e+00 1.625879550108119531e+01
